Nodes dataset name: CalRNNodes21048.txt
Edges dataset name: CalRNEdges21693.txt
810 paths are found by Dijkstra's algorithm in total time: 101.162sec.  
Longest_Shortest_path    PATH
0.039753 0 1 2 3 4 
0.612716 5 8 298 299 300 301 302 303 304 305 306 307 308 309 310 311 312 313 314 315 325 326 327 328 329 330 331 332 333 334 335 336 
1.53931 9 37 38 39 81 82 339 340 341 342 343 344 345 346 387 469 470 545 546 547 548 549 550 551 552 553 554 555 556 557 558 559 560 590 591 861 862 863 864 865 866 867 1109 1110 1111 1112 1113 1114 1115 1116 1117 1118 1119 1120 1121 1122 1123 1124 1125 1126 1127 1128 1129 1130 1131 1132 1133 1134 1135 1356 1357 1358 1359 1360 1361 1362 1363 1364 1365 1366 1367 1368 1369 1370 1371 1372 1373 1374 1375 1376 1377 1378 1379 1380 1381 1382 1383 
0.11215 32 33 34 35 36 
1.18994 40 41 42 43 44 45 46 47 48 49 50 51 52 53 54 55 56 57 58 435 436 437 438 439 440 441 442 443 444 445 446 447 448 449 450 451 452 453 454 455 456 457 478 479 480 902 903 904 905 906 907 908 909 910 911 912 
0.377968 59 60 61 62 63 64 65 66 67 68 69 70 71 72 73 74 75 76 77 78 79 80 
1.09587 83 141 142 143 144 145 146 147 148 149 150 151 152 153 154 155 156 157 158 159 160 161 162 163 164 165 166 167 168 169 170 171 172 173 174 175 176 177 178 179 180 181 182 183 184 185 186 187 188 189 190 191 192 193 254 255 256 257 266 267 268 269 270 271 272 273 274 275 276 277 278 279 280 281 282 283 284 285 286 287 288 289 290 291 292 293 294 295 296 
0.331889 99 100 101 102 103 104 105 106 107 108 109 110 111 112 113 114 115 116 117 118 119 120 121 122 123 124 125 
3.01269 204 205 206 207 208 209 210 211 212 213 214 215 216 217 218 219 323 324 337 338 471 472 473 474 475 476 477 481 544 675 676 677 678 679 680 681 750 751 855 856 857 858 859 860 969 970 971 972 973 974 975 976 977 978 1185 1186 1187 1188 1189 1190 1191 1192 1193 1194 1195 1196 1197 1317 1318 1319 1320 1321 1322 1323 1529 1530 1531 1532 1533 1534 1535 1536 1537 1538 1539 1540 1541 1542 1543 1589 1590 1608 1609 1610 1662 1663 1704 1705 1811 1812 1813 1814 1815 1816 1817 1826 1827 1828 1829 2013 2014 2015 2016 2017 2018 2019 2020 2081 2082 2083 2425 2426 2427 2428 2429 2430 2431 2432 2433 2434 2435 2436 2437 2438 2439 2440 2441 2442 2443 2444 2445 2446 2447 2448 2449 2450 2451 2452 2453 2454 2455 2456 2457 2458 2459 2460 2461 2462 2463 2464 2465 2466 2467 2468 2469 2470 2471 2472 2473 2474 2475 2476 2477 2478 2479 3092 3093 3094 3095 3096 3097 3098 3099 3100 3101 3102 3103 3104 3105 3106 3107 3108 3109 3110 
1.03449 220 221 222 223 224 225 226 227 228 229 230 231 232 233 234 235 236 237 238 239 240 241 643 644 645 646 647 648 649 650 651 652 653 654 655 656 657 658 659 660 661 662 663 664 665 666 949 950 951 952 953 954 955 956 957 958 959 960 961 1136 1137 1138 1139 1140 1141 1142 1143 1144 1145 1146 1147 1148 1149 1150 1151 1152 
0.21656 258 259 260 261 262 263 264 265 
2.83373 316 317 318 319 320 321 322 337 338 471 472 473 474 475 476 477 481 544 675 676 677 678 679 680 681 750 751 855 856 857 858 859 860 969 970 971 972 973 974 975 976 977 978 1185 1186 1187 1188 1189 1190 1191 1192 1193 1194 1195 1196 1197 1317 1318 1319 1320 1321 1322 1323 1529 1530 1531 1532 1533 1534 1535 1536 1537 1538 1539 1540 1541 1542 1543 1589 1590 1608 1609 1610 1662 1663 1704 1705 1811 1812 1813 1814 1815 1816 1817 1826 1827 1828 1829 2013 2014 2015 2016 2017 2018 2019 2020 2081 2082 2083 2425 2426 2427 2428 2429 2430 2431 2432 2433 2434 2435 2436 2437 2438 2439 2440 2441 2442 2443 2444 2445 2446 2447 2448 2449 2450 2451 2452 2453 2454 2455 2456 2457 2458 2459 2460 2461 2462 2463 2464 2465 2466 2467 2468 2469 2470 2471 2472 2473 2474 2475 2476 2477 2478 2479 3092 3093 3094 3095 3096 3097 3098 3099 3100 3101 3102 3103 3104 3105 3106 3107 3108 3109 3110 
0.579496 347 353 354 407 408 409 410 411 412 413 414 415 416 417 418 419 420 421 422 423 424 425 426 427 428 429 430 431 432 433 434 
3.26631 355 356 357 358 359 360 361 362 363 364 365 669 670 671 672 673 674 822 823 824 825 851 852 854 940 941 942 943 944 1174 1175 1176 1177 1178 1179 1180 1181 1182 1183 1184 1431 1432 1433 1434 1435 1436 1437 1438 1439 1440 1441 1442 1758 1759 1760 1761 1762 1763 1764 1765 1766 1767 1768 1769 1770 1771 1772 1773 1774 1775 1776 1777 1778 1779 1780 1781 1782 1783 1784 1785 1786 1787 1788 1789 1790 1791 1792 1793 1794 1795 1796 1797 1798 1799 1800 1818 1819 2261 2262 2263 2264 2265 2266 2267 2268 2269 2270 2271 2272 2273 2274 2275 2276 2277 2278 2279 2280 2281 2282 2283 2494 2495 2496 2497 2498 2499 2500 2501 2502 2503 2504 2505 2506 2507 2508 2509 2510 2511 2512 2532 2533 2847 2848 2849 2850 2851 2852 2853 2854 2855 2856 2857 2858 2859 2860 3055 3056 3057 3058 3059 3060 3061 3062 3063 3064 3065 3066 3067 3068 3069 3070 3071 3072 3073 3074 3075 3076 3077 3078 3079 3080 3081 3082 3083 3084 3085 3086 3087 3088 3089 3090 
0.321566 366 367 368 369 370 371 372 373 374 375 376 377 378 379 380 381 382 383 384 385 386 
0.303883 388 389 390 391 392 393 394 395 396 397 398 399 400 401 402 403 404 405 406 
0.36533 458 459 460 461 462 463 464 465 466 467 468 
0.488786 482 483 484 485 486 487 488 489 490 491 492 493 494 495 496 497 498 499 500 501 502 503 504 505 506 507 508 509 510 511 512 513 514 515 735 
1.48671 592 1083 1084 1085 1086 1087 1088 1089 1090 1091 1092 1093 1094 1095 1096 1097 1098 1099 1100 1101 1102 1103 1104 1105 1106 1107 1108 1164 1165 1166 1167 1214 1215 1216 1217 1218 1219 1220 1221 1222 1223 1224 1225 1226 1227 1228 1229 1230 1231 1232 1233 1234 1235 1236 1237 1238 1239 1240 1241 1242 1243 1244 1245 1246 1247 1248 1249 1250 1251 1252 1253 1254 1255 1256 1257 1258 1259 1260 1261 1262 1263 1264 1265 1266 1267 1268 1269 1270 1271 1272 
0.447522 667 668 720 721 722 723 724 725 726 736 737 738 739 740 741 742 743 744 745 746 747 748 749 
0.356349 682 683 684 685 686 687 688 689 690 691 692 693 694 695 696 697 698 699 700 
2.74652 826 845 846 847 848 849 850 852 854 940 941 942 943 944 1174 1175 1176 1177 1178 1179 1180 1181 1182 1183 1184 1431 1432 1433 1434 1435 1436 1437 1438 1439 1440 1441 1442 1758 1759 1760 1761 1762 1763 1764 1765 1766 1767 1768 1769 1770 1771 1772 1773 1774 1775 1776 1777 1778 1779 1780 1781 1782 1783 1784 1785 1786 1787 1788 1789 1790 1791 1792 1793 1794 1795 1796 1797 1798 1799 1800 1818 1819 2261 2262 2263 2264 2265 2266 2267 2268 2269 2270 2271 2272 2273 2274 2275 2276 2277 2278 2279 2280 2281 2282 2283 2494 2495 2496 2497 2498 2499 2500 2501 2502 2503 2504 2505 2506 2507 2508 2509 2510 2511 2512 2532 2533 2847 2848 2849 2850 2851 2852 2853 2854 2855 2856 2857 2858 2859 2860 3055 3056 3057 3058 3059 3060 3061 3062 3063 3064 3065 3066 3067 3068 3069 3070 3071 3072 3073 3074 3075 3076 3077 3078 3079 3080 3081 3082 3083 3084 3085 3086 3087 3088 3089 3090 
0.1839 880 881 882 883 884 885 886 887 888 889 
0.260753 890 891 892 893 894 895 896 897 898 899 900 901 
0.032902 979 1020 
0.354431 982 1384 1385 1386 1387 1388 1389 1390 1391 1392 1393 1394 1395 1396 1397 1398 1399 1400 1401 1402 1403 1404 1405 1406 1407 1408 
0.199531 1008 1009 1010 1011 1012 1013 1014 1015 1016 1017 
0.857343 1023 1024 1025 1026 1032 1726 1727 1728 1729 1730 1731 1732 1733 1734 1735 1736 1737 1738 1739 1740 1741 1742 1743 1744 1745 1746 1747 1748 1749 1750 1751 1752 1753 1754 1755 1756 1757 1820 1821 1822 1823 1824 1825 1886 1887 2072 2073 2074 2075 2076 2077 2078 
0.395944 1033 1044 1045 1046 1047 1048 1049 1050 1051 1052 1053 1054 1055 1056 1057 1058 1059 1060 1061 1062 1063 1064 1065 1066 1067 1068 1069 1070 1071 1072 1073 1074 1075 1076 1077 1078 1079 
0.158488 1080 1304 1305 1306 1307 1308 1309 1310 1311 1312 1313 1314 1315 1316 
0.804842 1198 1273 1303 1591 1592 1593 1594 1595 1596 1597 1598 1599 1600 1601 1602 1603 1604 1605 1606 1607 1830 1831 1832 1833 1834 1835 1836 1837 1838 1839 1840 2284 2285 2286 2287 2288 2289 2290 2291 2292 2293 2294 2295 2296 2297 2298 2299 2300 
0.15085 1274 1275 1276 1277 1278 1279 1280 1281 1282 1283 1284 
0.271946 1285 1286 1287 1288 1289 1290 1291 1292 1293 1294 1295 1296 1297 1298 1299 1300 1301 1302 
0.460262 1409 1410 1411 1412 1413 1414 1415 1416 1417 1418 1419 1420 1421 1422 1423 1424 1425 1426 1427 1428 1429 1430 
0.14502 1443 1444 1445 1446 1447 1448 1449 1450 1451 1452 1453 1454 
0.146452 1544 1681 1682 1683 1684 1685 1686 1687 
1.69219 1552 1897 1898 1899 1900 1901 1902 1903 1904 1905 1906 1907 1908 1909 1910 1911 1912 2163 2164 2165 2166 2167 2168 2169 2170 2171 2172 2173 2366 2367 2368 2369 2370 2371 2372 2373 2374 2375 2376 2377 2378 2379 2380 2381 2382 2383 2384 2385 2386 2554 2555 2556 2557 2558 2559 2560 2561 2562 2563 2564 2565 2566 2567 2568 2569 2570 2571 2572 2573 2574 2575 2576 2577 2578 2579 2580 2581 2582 2583 2584 2585 2586 2587 2588 2788 2789 2790 2791 2792 2793 2794 2795 2796 2797 2798 2799 2800 3146 3147 3148 3149 3150 3151 3152 3153 3154 3155 3156 3157 3158 3159 3160 3161 3162 3163 3164 3165 3335 3336 3337 3338 3339 3340 3341 3342 3343 3344 3345 
0.453219 1611 1612 1613 1614 1615 1616 1617 1618 1619 1620 1621 1622 1623 1624 1625 1626 1627 1628 1629 1630 1631 1632 1633 1634 1635 1636 1637 1638 1639 1640 1641 1642 1643 1644 1645 1646 1647 1648 1649 1650 1651 1652 1653 1654 1655 1656 
0.028582 1665 2068 
0.541668 1668 1851 1852 1853 1854 1855 1856 1857 1858 1859 1860 1861 1862 1863 1864 1865 1866 1867 1868 1869 1870 1871 1872 1873 1874 1875 1876 1877 1878 1879 1880 1881 1882 1883 1884 1885 
0.200112 1841 1888 1889 1890 1891 1892 1893 1894 1895 1896 1936 1937 1938 1939 1940 
0.24692 1913 1993 1994 1995 1996 1997 1998 1999 2000 2001 2002 2003 2004 2005 2006 2007 2008 2009 2010 2011 2012 
0.256707 1930 2092 2093 2094 2095 2096 2097 2098 2099 2100 2101 2102 2103 2104 2105 
0.018154 1934 1940 
0.079449 1941 1942 1943 1944 1945 1946 1947 
0.4285 1949 1950 1951 1952 1953 1954 1955 1956 1957 1958 1959 1960 1961 1962 1963 1964 1965 1966 1967 1968 1969 1970 1971 1972 1973 1974 1975 1976 1977 1978 
0.721128 2021 2022 2023 2024 2025 2026 2027 2028 2029 2030 2031 2032 2033 2034 2035 2036 2037 2038 2039 2040 2041 2042 2043 2044 2045 2046 2047 2048 2049 2050 2051 2052 2053 2054 2055 2056 2057 2058 2059 2060 2061 2062 2063 2064 2065 2066 2067 2068 
0.628982 2113 2114 2115 2116 2117 2118 2119 2120 2121 2122 2123 2124 2125 2126 2127 2128 2129 2130 2131 2132 2133 2134 2135 2136 2137 2138 2139 2140 2141 2142 2143 2144 2145 2146 2147 2148 2149 2150 2151 2152 2153 2154 2155 2156 2157 2158 2159 
0.009594 2160 2161 2162 
0.536405 2174 2175 2176 2177 2178 2179 2180 2181 2182 2183 2184 2185 2186 2187 2188 2189 2190 2191 2192 2193 2194 2195 2196 2197 2198 2199 2200 2201 2202 2203 2204 2205 2206 2207 2208 2209 2210 2211 2212 2213 2214 
0.547816 2223 2224 2225 2226 2227 2228 2229 2230 2231 2232 2233 2234 2235 2236 2237 2238 2239 2240 2241 2242 2243 2244 2245 2246 2247 2248 2249 2250 2251 2252 2253 2254 2255 2256 2257 2258 2259 2260 
0.146845 2301 2302 2303 2304 2305 2306 2307 
0.086279 2311 2312 2313 2314 
0.04619 2315 2338 2339 2340 
0.300601 2341 2537 2538 2539 2540 2541 2542 2543 2544 2545 2546 
0.02326 2355 2693 
0.355005 2387 2652 2653 2654 2655 2656 2657 2658 2659 2660 2661 2662 2663 2664 2665 2666 2667 2668 2669 2670 2671 2672 2673 2674 2675 2676 
0.466536 2393 2549 2550 2551 2552 2553 2772 2773 2774 2775 2776 2777 2778 2779 2780 2781 2782 2783 2784 2785 2786 2787 3131 3132 3133 3134 3135 
0.159269 2480 2481 2482 2483 2484 2485 2486 
0.077989 2514 2515 2516 2517 
0.028779 2535 2546 
0.732694 2622 2976 2977 2978 2979 2980 2981 2982 2983 2984 2985 2986 2987 2988 2989 2990 2991 2992 2993 2994 2995 2996 2997 2998 2999 3000 3001 3002 3003 3004 3005 3006 3007 3008 3009 3010 3011 3012 3013 3014 3015 3016 3017 3018 3029 3030 
0.477789 2677 2861 2862 2863 2864 2865 2866 2867 2868 2869 2870 2871 2872 2873 2874 2875 2876 2877 2878 2879 2880 2881 2882 2883 3257 3258 3259 3260 3261 3262 3263 3264 3265 3266 3267 
0.445969 2694 2695 2696 2697 2698 2699 2700 2701 2702 2703 2704 2705 2706 2707 2708 2709 2710 2711 2712 2713 2714 2715 2716 2717 2718 2719 2720 2721 2722 2723 2724 2725 2726 2727 2728 2729 
0.870921 2801 3111 3112 3113 3114 3115 3116 3117 3118 3119 3120 3121 3122 3123 3124 3125 3126 3127 3128 3129 3130 3138 3144 3226 3227 3228 3229 3230 3231 3232 3233 3234 3235 3236 3237 3306 3307 3308 3309 3310 3311 3312 3313 3314 3315 3316 3317 3318 3319 3320 3321 3322 3323 3324 3325 3326 3327 3328 
0.481286 2931 2932 2933 2934 2935 2936 2937 2938 2939 2940 2941 2942 2943 2944 2945 2946 2947 2948 2949 2950 3375 3376 3377 3378 3379 3380 3381 3382 3383 3384 3385 3386 3387 3388 3389 3390 3391 3392 3393 3394 3671 
0.232807 2951 2952 2953 2954 2955 2956 2957 2958 2959 2960 2961 2962 2963 2964 2965 2966 
0.27124 2967 3019 3136 3137 3346 3347 3348 3476 
0.062539 3140 3141 3142 3143 
0.021537 3166 3168 
0.528058 3169 3279 3280 3281 3282 3283 3284 3285 3286 3287 3288 3289 3290 3291 3292 3293 3294 3373 3374 3596 3597 3598 3599 3600 3601 3602 3603 3604 3605 3606 3607 3608 3609 3610 3611 3612 3613 3614 3615 3616 3617 3618 3626 3627 3628 3629 
1.36031 3171 3425 3426 3427 3428 3429 3430 3431 3432 3433 3434 3435 3436 3437 3438 3439 3440 3441 3442 3443 3444 3445 3446 3447 3630 3631 3632 3633 3634 3635 3636 3637 3638 3639 3640 3641 3642 3643 3644 3645 3646 3647 3648 3649 3650 3680 3681 3682 3683 3684 3685 4301 4302 4303 4304 4305 4306 4307 4308 4309 4310 4311 4312 4313 4314 4315 4316 4317 4318 4319 4320 4321 4322 4323 4324 4325 4326 4327 4328 4329 4330 4331 
0.645361 3202 3203 3204 3205 3206 3207 3208 3209 3210 3211 3212 3213 3214 3215 3216 3217 3218 3219 3220 3395 3396 3397 3398 3399 3400 3401 3402 3403 3404 3405 3406 3407 3408 3409 3410 3411 3412 3413 3414 3451 
0.023351 3221 3222 3223 3224 3225 
0.245885 3238 3239 3240 3241 3242 3243 3244 3245 3246 3247 3248 3249 3250 3251 3252 3253 3254 3255 3256 
0.060608 3275 3276 3277 
0.645254 3349 3350 3351 3352 3353 3354 3355 3356 3357 3358 3359 3452 3864 3865 3866 3867 3868 3869 3870 3871 3872 3873 3874 3875 4012 
0.231125 3360 3529 3530 3531 3532 3533 3534 3535 3536 3537 3538 3539 3540 3541 3542 3543 3544 3545 3546 3547 3548 3578 3579 3580 3581 3582 3583 3584 3585 3586 3587 3588 3801 
0.042972 3448 3449 3450 3451 
0.066234 3456 3457 3458 3459 
0.061648 3460 3461 3462 3463 3464 3465 3466 3467 
1.1519 3468 4963 4964 4965 4966 4967 4968 4969 4970 4971 4972 4973 4974 4975 4976 4977 4978 4979 4980 4981 4982 4983 4984 4985 4986 4987 4988 4989 4990 4991 4992 4993 4994 4995 4996 4997 4998 4999 5000 5001 5002 5003 5004 5005 5006 5007 5008 5009 5010 5011 5012 5013 5014 5015 5016 5017 5018 5019 5020 5021 5022 5023 5024 5025 5026 5027 5028 5029 5030 5031 5032 5033 5034 5035 5036 5037 5038 5039 5040 5041 5042 5043 5044 5045 5046 5047 5048 5049 5050 5051 5052 5053 5054 5055 5056 5057 5058 5059 5060 5254 
0.034519 3474 3475 3476 
0.08036 3479 3480 3481 3482 3483 3484 3485 3486 3487 3488 3489 3490 
0.378188 3491 3492 3493 3494 3495 3496 3497 3498 3499 3500 3501 3502 3503 3504 3505 3506 3507 3508 3509 3510 
0.724932 3549 3550 3551 3552 3553 3554 3555 3556 3557 3558 3559 3560 3561 3562 3563 3564 3565 3566 3567 3568 3569 3570 3571 3572 3573 3574 3575 3576 3577 3686 3687 3688 3689 3690 3691 3692 3693 3694 3695 3696 3697 3698 3699 3700 3701 3702 3703 3704 3705 3706 3707 3708 3709 3710 3711 3712 3713 3714 3715 3716 3717 3718 3719 3720 3721 3722 
0.076291 3619 3620 3621 3622 3623 3624 3625 
0.241352 3651 3652 3653 3654 3655 3656 3657 3658 3659 3660 3661 3662 3663 3664 3665 3666 3667 3668 3669 3670 3671 
0.130435 3672 3857 3858 3859 3860 3861 3862 3863 
0.213678 3754 3755 3756 3757 3758 3759 3760 
0.299512 3783 3802 3803 3804 3805 3806 3807 3808 3809 3810 3811 3812 3813 3814 3815 3816 3817 3818 3819 3820 3821 3822 3823 
0.316543 3824 3825 3826 3827 3828 3829 3830 3831 3832 3833 3834 3835 3836 3837 3838 3839 3840 3841 3842 3843 3844 3845 3846 3847 3848 3849 3850 3851 3852 3853 3854 3855 
0.631679 3883 3886 3918 3924 3927 4045 4046 4047 4048 4049 4050 4051 4052 4100 4101 4102 4103 4461 4462 4463 4464 4466 4467 4468 
0.164445 3887 3888 3889 3890 3891 3892 
1.00628 3893 3894 3895 3896 3897 3898 3899 3900 3901 3902 3903 3904 3905 3906 3907 3908 3909 3910 3911 3912 3913 3914 3915 3916 3917 3918 3924 3927 4045 4046 4047 4048 4049 4050 4051 4052 4100 4101 4102 4103 4461 4462 4463 4464 4466 4467 4468 
0.361552 3943 4108 4109 4110 4111 4112 4113 4114 4115 4116 4117 4118 4119 4120 4121 4122 4123 4124 4125 4126 4127 4128 4129 4130 4131 4132 4133 4134 4135 4136 
0.507448 3960 4258 4259 4260 4261 4262 4263 4264 4265 4266 4267 4268 4269 4270 4271 4272 4273 4274 4275 4276 4277 
0.07237 4008 4009 4010 4011 4012 
0.56112 4025 4054 4055 4056 4057 4058 4059 4060 4061 4062 4063 4064 4065 4066 4067 4068 4069 4070 4071 4072 4073 4074 4075 4076 4077 4078 4079 4080 4081 4082 4083 4084 4085 4086 4087 4088 4089 4090 4091 4092 4093 4094 4095 4096 4097 4098 4099 
1.74575 4104 4292 4293 4294 4529 4530 4531 4532 4533 4534 4731 4732 4733 4734 4735 4736 5061 5062 5063 5064 5065 5069 5073 5074 5147 5148 5149 5150 5151 5152 5810 5811 5812 5813 5814 5815 5816 5817 5818 5819 5820 5821 5822 5823 5824 5825 5826 5827 5828 5829 5830 5831 5832 5833 5834 6255 6256 6257 6258 6259 6260 6261 6262 6263 6264 6265 6266 6267 6268 6269 6270 6271 6272 6273 6274 6275 6276 6277 6278 6279 6280 6281 6282 6283 6284 6285 6286 6287 6288 6289 6290 6291 6292 6293 6294 6295 6296 6297 6298 6299 6300 6301 6302 6303 6304 6305 6306 6307 6308 6309 6310 6311 6312 
0.039224 4170 4171 4172 4173 4174 
0.595497 4175 4176 4177 4178 4179 4180 4181 4182 4183 4184 4185 4186 4187 4188 4189 4190 4191 4192 4193 4194 4195 4196 4197 4198 4199 4200 4201 4202 4203 4204 4205 4206 4207 4208 4209 4210 4211 4212 4213 4214 4215 4216 4217 4218 
0.121958 4223 4224 4225 4226 4227 4228 4229 4230 4231 4232 4233 4234 
0.205213 4235 4236 4237 4238 4239 4240 4241 4242 4243 4244 4245 4246 4247 4248 4249 4250 4251 4252 
0.162306 4253 4254 4255 4256 
0.065468 4278 4298 
0.090657 4281 4282 4283 4284 4285 4286 4287 4288 4289 4290 4291 
0.967563 4299 4300 4369 4370 4371 4372 4373 4374 4375 4376 4377 4378 4379 4380 4381 4382 4383 4384 4385 4386 4387 4388 4389 4390 4391 4392 4393 4394 4395 4396 4397 4398 4399 4400 4401 4402 4403 4404 4405 4406 4407 4408 4409 4410 4411 4412 4413 4414 4415 4416 4417 4418 4419 4420 4421 4422 4423 4424 4425 4426 4427 4428 4429 4430 4431 4432 4433 4434 4435 4436 4437 4438 4439 4440 4441 4442 4443 4444 4445 4446 4447 4448 4449 4450 4451 4452 
0.221637 4332 4333 4334 4335 4336 4337 4338 4339 4340 4341 4342 4343 4344 4345 4346 4347 4348 4349 4350 4351 4352 4353 4354 4355 4356 4357 4358 4359 4360 
0.796702 4453 4544 4562 4567 4727 4728 4729 4730 4749 4750 5066 5067 5068 5095 5096 5366 5367 5368 5369 5373 5410 5411 5412 5941 5942 5943 5944 5945 5946 5947 5948 5949 5950 
0.218217 4469 4507 4508 4509 4510 4511 4512 4513 4514 4515 4516 4517 4518 4519 4520 4521 4522 4523 4524 4525 4526 4527 4542 4543 4908 
0.078558 4474 4475 4476 4477 4478 4479 4480 4481 
0.485503 4483 4485 4568 4569 4570 4571 4572 4573 4574 4575 4576 4577 4578 4579 4580 4581 4582 4583 4584 4585 4586 4587 4588 4589 4590 4591 4592 4593 4594 4595 4596 4597 4598 4599 4600 4601 4602 4603 4604 4605 4606 4607 
0.174773 4494 4495 4496 4497 4498 4499 4500 4501 4502 4503 4504 
0.628337 4545 5258 5259 5260 5261 5262 5263 5264 5265 5369 5373 5410 5411 5412 5941 5942 5943 5944 5945 5946 5947 5948 5949 5950 
0.809134 4608 4609 4610 4611 4612 4613 4614 4615 4616 4617 4618 4619 4620 4621 4622 4623 4624 4650 4651 4652 4653 4654 4659 4660 4661 4662 4663 4664 4665 4666 4667 4668 4669 4670 5185 5186 5187 5188 5189 5190 5191 5192 5193 5194 5195 5196 5197 5198 5199 5200 5201 5202 5203 5204 5205 5206 5207 5208 5209 5210 5211 5212 5213 5214 5486 
0.002702 4648 4947 
0.299504 4671 4672 4673 4674 4675 4676 4677 4678 4679 4680 4681 4682 4683 4684 4685 4686 4687 4688 4689 
0.31557 4690 5217 5218 5219 5220 5221 5222 5223 5224 5225 5226 5227 5228 5229 5230 5231 5232 5233 5234 5235 5236 5237 5238 5239 5240 5241 5242 5243 5244 5245 5246 5247 5248 5249 
0.394795 4700 4701 4702 4703 4704 4705 4706 4707 4708 4709 4710 4711 4712 4713 4714 4715 4716 4717 4718 4719 4720 4721 4722 4723 4724 4725 4726 
0.379126 4737 4753 4754 4755 4756 4757 4758 4759 4760 4761 4762 4763 4764 4765 4766 4767 4768 4769 4770 4771 4772 4773 4774 4775 4776 4777 4778 4779 4780 4781 4782 4783 4784 4785 
1.03377 4786 4813 4814 4815 4816 4817 4818 4819 4820 4821 4822 4823 4824 4825 4826 4827 4828 4829 4830 4831 4832 4833 4834 4835 4836 4837 4838 4839 4840 4841 4842 4843 4844 4845 4846 4847 4848 4849 4850 4851 4852 4853 4854 4855 4856 4857 4858 4859 4860 4861 4862 4863 4864 4865 4866 4867 4868 4869 4870 4871 4872 4873 4874 4875 4876 4877 4878 4879 4880 4881 4882 4883 4884 4885 4886 4887 4888 4889 4890 4891 4892 4893 
0.192481 4894 4895 4896 4897 4898 4899 4900 4901 4902 4903 4904 4905 4906 4907 4908 
0.308503 4909 4910 4911 4912 4913 4914 4915 4916 4917 4918 4919 4920 4921 4922 4923 4924 4925 4926 4927 4928 4929 4930 4931 4932 4933 
0.180575 4934 4935 4936 4937 4938 4939 4940 4941 4942 4943 4944 4945 4946 4947 
0.012898 4954 4955 4956 
0.734134 4961 4962 5070 5075 5094 5136 5727 5728 5729 5730 5731 5732 5733 5734 5735 5736 5737 5738 5739 5740 5765 5766 6079 6080 6081 6082 6083 6084 6085 6086 6087 6088 6089 6090 6091 6092 6093 6094 6095 6096 6097 6098 6099 6100 6101 6102 6103 6104 6105 6106 6107 6108 6147 6148 6149 6254 
0.240128 5076 5097 5098 5099 5100 5101 5102 5103 5104 5105 5106 5107 5108 5109 5110 5111 5112 5113 5114 5115 5116 5117 5118 
0.512973 5132 5146 5305 5306 5307 5308 5309 5310 5311 5312 5313 5314 5315 5316 5317 5318 5319 5320 5321 5322 5323 5324 5325 5326 5327 5328 5329 5330 5331 5332 5333 5334 5335 5336 5337 5338 5339 5340 5341 5342 5343 5344 5345 5346 5347 5348 5349 5350 5351 5352 5353 5354 
0.015735 5137 5460 
0.369398 5157 5696 5697 5698 5699 5700 5701 5702 5703 5704 5705 5706 5707 5708 5709 5710 5711 5712 5713 5714 5715 5716 5717 5718 5719 5720 5721 5722 5723 5724 5725 
0.673636 5215 5665 5666 5667 5668 5669 5670 5671 5672 5673 5674 5675 5676 5677 5678 5679 5680 5681 5682 5683 5684 5685 5686 5687 5688 5895 5896 5897 5898 5899 5900 5901 5902 5903 5904 5905 5906 5907 5908 5909 5910 5911 5912 5913 5914 
0.432979 5250 5257 5369 5373 5410 5411 5412 5941 5942 5943 5944 5945 5946 5947 5948 5949 5950 
0.421623 5255 5369 5373 5410 5411 5412 5941 5942 5943 5944 5945 5946 5947 5948 5949 5950 
0.219853 5266 5267 5268 5269 5270 5271 5272 5273 5274 5275 5276 5277 5278 5279 
0.745315 5302 5355 5356 5357 5358 5359 5360 5361 5362 5363 5364 5365 5366 5367 5368 5369 5373 5410 5411 5412 5941 5942 5943 5944 5945 5946 5947 5948 5949 5950 
0.49039 5374 5627 5628 5629 5630 5631 5632 5633 5634 5635 5636 5637 5638 5639 5640 5641 5642 5643 5644 5645 5646 5647 5648 5649 5650 5651 5652 5653 5654 5655 5656 5657 5658 5659 5660 5661 5662 5663 5664 
0.479844 5437 5438 5445 5446 6024 6025 6026 6027 6028 6029 6030 6031 6032 6033 6034 6053 6111 
0.098437 5439 5440 5441 5442 5443 5444 
0.15297 5447 5448 5449 5450 5451 5452 5453 5454 5455 5456 5457 5458 5459 5460 
0.396788 5462 5509 5510 5511 5512 5513 5514 5515 5516 5517 5518 5519 5520 5521 5522 5523 5524 5525 5526 5527 5528 5529 5530 5531 5532 5533 5534 5535 5536 5537 
0.571457 5487 5488 5489 5490 5491 5492 5493 5494 5495 5496 5497 5498 5499 5500 5501 5502 5503 5504 5573 5574 5575 5576 5577 5578 5579 5580 5581 5582 5583 5584 5585 5586 5587 5588 5589 5590 5591 5592 5593 5594 5595 5596 5597 5598 5599 
0.285861 5538 5572 5748 5749 5750 5751 5752 5753 5754 5755 5756 5757 5758 5759 5760 5761 5762 5763 5764 
1.13472 5550 5741 5742 5743 5744 5745 5746 5747 6486 6487 6488 6489 6490 6491 6492 6493 6494 6495 6496 6497 6498 6499 6500 6501 6502 6503 6504 6505 6506 6507 6508 6509 6510 6511 6512 6513 6514 6515 6516 6517 6518 6519 6520 6521 6522 6523 6524 6525 6526 6527 6528 6529 6547 6548 6549 6550 6551 6552 6553 6554 6555 6556 6557 6558 6559 6560 6561 6562 6563 6564 6565 6566 6567 6568 6569 6570 6571 6572 6573 6574 6575 6576 6577 6578 6579 
1.48458 5600 5878 5879 5880 5881 5882 5883 5884 5885 5886 5887 5888 5889 5890 5891 5892 5893 5894 5915 5916 5954 6164 6165 6166 6167 6168 6169 6170 6171 6172 6173 6174 6175 6176 6177 6178 6179 6180 6934 6935 6936 6937 6938 6939 6940 6941 6942 6943 6944 6945 6946 6947 6948 6949 6950 6951 6952 6953 6954 6955 6956 6986 7038 7039 7153 7154 7155 7289 7290 7291 7292 7293 7294 7295 7296 7297 7299 7322 7395 7396 7759 7760 7761 7762 7763 7764 7765 7766 7767 7768 7769 7770 7771 7772 7773 7774 7775 7776 7777 7778 7779 7780 7781 7782 7783 7784 7785 7786 7787 7788 7789 7790 7791 7792 7793 7794 
0.063997 5624 5626 5689 5690 5691 5692 5695 5772 
0.399285 5693 5726 5765 5766 6079 6080 6081 6082 6083 6084 6085 6086 6087 6088 6089 6090 6091 6092 6093 6094 6095 6096 6097 6098 6099 6100 6101 6102 6103 6104 6105 6106 6107 6108 6147 6148 6149 6254 
0.167665 5769 5951 5952 5953 5962 5963 5964 5965 5966 5967 5968 5969 5970 5971 5972 6224 
0.591349 5773 6194 6195 6196 6197 6198 6199 6200 6201 6202 6203 6204 6205 6206 6207 6208 6209 6210 6211 6212 6416 6417 6418 6419 6420 6850 6851 6852 6853 6854 6855 6856 6857 6858 6859 6860 6861 6862 6863 6864 6865 6866 6867 6868 6869 
0.477521 5917 5918 5919 5920 5921 5922 5923 5924 5925 5926 5927 5928 5929 5930 5931 5932 5933 5934 5935 5936 5937 5938 5939 5940 
1.79787 5955 5956 5957 5958 5959 5960 5961 6350 6351 6352 6353 6354 6355 6356 6357 6358 6359 6360 6361 6362 6363 6764 6765 6766 6767 6768 6769 6770 6771 6772 6773 6774 6775 6776 6777 6778 6779 6780 6781 6782 6783 6784 6785 6786 6787 6788 6789 6790 6791 6792 6793 6794 6795 7510 7511 7512 7513 7514 7515 7516 7517 7518 7519 7520 7521 7522 7523 7524 7525 7526 7527 7528 7529 7530 7531 7532 7533 7534 7535 7536 7537 7538 7539 7540 7541 7542 7543 7544 7545 7546 7547 7548 7549 7550 7551 7552 7553 7554 7555 7798 7799 7800 7801 7802 7803 7804 7805 7806 7807 7966 7967 7968 7969 7970 7971 7972 7973 7974 7975 7976 7977 7978 7979 7980 7981 7982 7983 7984 7985 7986 7987 7988 8196 8197 8198 8199 8200 8201 8202 8203 8204 8205 8206 8207 8210 8227 
0.48045 5973 5974 5975 5976 5977 5978 5979 5980 5981 5982 5983 5984 5985 5986 5987 5988 5989 5990 5991 5992 5993 5994 5995 5996 5997 5998 5999 6000 6001 6002 6003 6004 6005 6006 6007 6008 6009 6010 6011 
0.207108 6035 6036 6037 6038 6039 6040 6041 6042 6043 6044 6045 6046 6047 6048 6049 6050 6051 6052 
0.147979 6067 6071 6072 6073 6074 6075 6076 6077 6078 
0.015624 6109 6111 
0.865539 6150 6151 6152 6153 6154 6155 6156 6157 6158 6159 6160 6161 6162 6163 6325 6326 6425 6426 6461 6462 6463 6532 6534 6630 6631 6632 6642 6643 6749 6750 6751 6752 6753 6754 6755 6756 6757 6758 6833 6834 6835 6870 7085 7086 7087 7088 7089 7090 7387 7388 7389 7390 7391 7671 
0.046296 6189 6190 6191 6192 
0.123032 6213 6214 6215 6216 6217 6218 6219 6220 6221 6222 6223 6224 
0.017499 6248 6250 6456 
0.197503 6251 6825 6826 6827 6828 6829 6830 6831 6832 
0.179536 6313 6319 6414 6415 6580 6659 6660 6661 6671 6672 6731 6732 
0.046871 6315 6330 
0.102044 6328 6585 6586 6587 6588 6589 6590 6591 6592 
0.184394 6332 6333 6334 6335 6336 6337 6338 6339 6340 6341 6342 6343 6344 6345 6346 6347 6348 6349 
0.155106 6364 6368 6369 6370 6371 6372 6373 6374 6375 
0.379557 6376 6535 6536 6537 6538 6539 6540 6541 6542 6543 6544 6836 6837 6838 6839 6840 6841 6842 6843 6844 6845 6846 6847 6848 6849 6997 6998 6999 7000 7001 7002 7003 
0.315022 6380 6381 6382 6383 6384 6385 6386 6387 6388 6389 6390 6391 6392 6393 6394 6395 6396 6397 6398 6399 6400 6401 6402 6403 6404 6405 6406 6407 6408 6409 6410 6411 6412 6413 
1.23468 6427 7118 7119 7120 7121 7122 7123 7124 7125 7126 7127 7128 7129 7130 7131 7132 7133 7134 7135 7136 7137 7340 7341 7342 7343 7344 7345 7346 7347 7348 7349 7350 7351 7352 7353 7354 7355 7356 7357 7358 7359 7360 7361 7362 7363 7364 7365 7366 7367 7368 7369 7370 7371 7372 7373 7374 7375 7376 7377 7378 7379 7380 7381 7382 7383 7384 7385 7386 7710 7711 7712 7713 7714 7715 7716 7717 7718 7719 7720 7721 7722 7723 7724 8028 
0.058654 6453 6454 6455 6456 
0.287547 6467 6468 6469 6470 6471 6472 6473 6474 6475 6476 6477 6478 6479 
0.036481 6530 6533 6545 6546 6629 
0.238624 6595 6609 6610 6611 6612 6613 6614 6615 6616 6617 6618 6619 6620 6621 6622 6623 
0.041317 6624 6625 6626 6627 6628 6629 
0.012181 6635 6647 
0.022123 6638 6639 6640 
0.026425 6645 6646 6647 
0.011507 6648 6670 
0.616098 6650 6662 6663 6664 6665 6673 6674 6675 6737 6738 6962 6963 6964 6965 6966 6967 6968 6969 6970 6971 6972 6973 6974 6975 6976 6977 6978 6979 6980 6981 
0.317681 6676 7006 7007 7008 7009 7010 7011 7012 7013 7014 7015 7016 7017 7018 7019 7020 
0.529708 6683 6684 6685 6686 6687 6688 6689 6690 6691 6692 6693 6694 6695 6696 6697 6698 6699 6700 6701 6702 6703 6704 6705 6706 6707 6708 6709 6710 6711 6712 6713 6714 6715 6716 6717 6718 6719 6720 6721 6722 6723 6724 
0.097987 6733 6736 6796 6798 7043 7044 7045 7046 7047 7048 
0.159702 6739 6740 6741 6742 6743 6744 6745 6746 6747 6748 
0.079879 6759 6760 6761 6762 6763 
0.456546 6799 6800 6801 6802 6803 6804 6805 6806 6807 6808 6809 6810 6811 6812 6813 6814 6815 6816 6817 6818 6819 6820 6821 6822 6823 6824 
0.30775 6871 6872 6873 6874 6875 6876 6877 6878 6879 6880 6881 6882 6883 6884 6885 6886 6887 6888 6889 6890 6891 6892 
0.096975 6893 6894 6895 6896 6897 6898 6899 6900 6901 6902 6903 
0.215823 6904 6924 6925 6926 6927 6928 6929 6930 6931 6932 6933 
0.032445 6957 7117 
0.764704 6960 6986 7038 7039 7153 7154 7155 7289 7290 7291 7292 7293 7294 7295 7296 7297 7299 7322 7395 7396 7759 7760 7761 7762 7763 7764 7765 7766 7767 7768 7769 7770 7771 7772 7773 7774 7775 7776 7777 7778 7779 7780 7781 7782 7783 7784 7785 7786 7787 7788 7789 7790 7791 7792 7793 7794 
0.473462 6982 7166 7167 7168 7169 7170 7171 7172 7173 7174 7175 7176 7177 7178 7213 7214 7220 7251 7624 7625 7626 7627 7628 7629 7630 7631 7632 7634 7664 7665 7666 7672 7709 7757 7797 
0.201892 6987 7180 7181 7182 7183 7184 7185 7186 7187 7188 7189 7190 7191 7192 7193 7194 7195 7196 7197 7198 
0.026364 7021 7022 7023 7024 
0.443387 7025 7556 7557 7558 7559 7560 7561 7562 7563 7564 7565 7566 7567 7568 7569 7570 7571 7572 7573 7574 7575 7576 7577 7578 7579 7580 7581 7582 7583 7584 7585 7586 7587 7588 7589 7590 7591 7592 7593 7594 7595 7596 7597 7598 
0.17757 7040 7050 7051 7052 7053 7054 7055 7056 
0.38242 7058 7163 7164 7165 7179 7199 7214 7220 7251 7624 7625 7626 7627 7628 7629 7630 7631 7632 7634 7664 7665 7666 7672 7709 7757 7797 
0.117889 7063 7156 7157 7158 7159 7160 7161 7162 
0.111507 7067 7068 7069 7070 7071 7072 7073 7074 7075 
0.203847 7077 7093 7094 7138 7139 7253 7254 7255 7256 7257 7258 7259 7260 7298 7300 7301 7407 
0.414122 7140 7302 7303 7304 7305 7306 7307 7308 7309 7310 7311 7312 7313 7314 7315 7329 7330 7331 7332 7333 7334 7335 7336 7337 7338 7339 
0.444194 7221 7222 7223 7224 7225 7226 7227 7228 7229 7230 7231 7232 7233 7234 7235 7236 7237 7238 7239 7240 7241 7242 7243 
0.45742 7261 7262 7263 7264 7265 7266 7267 7268 7269 7270 7271 7272 7273 7274 7275 7276 7277 7278 7279 7280 7281 7282 7283 7284 7285 7286 
0.038186 7287 7288 7298 7300 7301 7407 
0.063467 7397 7398 
0.440234 7399 7476 7477 7478 7479 7480 7481 7482 7483 7484 7485 7908 7909 7910 7911 7912 7913 7914 7915 7916 7917 7918 8011 8012 8013 8014 8015 
0.550121 7408 7746 7747 7748 7749 7750 7751 7752 7753 7754 7755 8032 8033 8034 8035 8036 8037 8038 8039 8040 8041 8042 8043 8044 8153 8154 8155 8156 8157 8158 8159 8160 8161 
0.667929 7430 7647 7648 7649 7650 7651 7652 8062 8063 8064 8065 8066 8067 8068 8069 8070 8071 8072 8073 8074 8075 8076 8077 8078 8079 8080 8082 8104 8108 8116 8142 8180 
0.088617 7440 7441 7442 7443 7444 7445 7446 
0.292015 7447 7448 7449 7450 7451 7452 7453 7454 7455 7456 7457 7458 7459 7460 7461 7462 7463 7464 7465 7466 7467 7468 7469 7470 7471 7472 7473 7474 7475 
0.382744 7599 7600 7601 7602 7603 7604 7605 7606 7607 7608 7609 7610 7611 7612 7613 7614 7615 7616 7617 7618 7619 7620 7621 
0.119649 7635 7636 7637 7638 7639 7640 7641 7642 7643 7644 7645 
0.116594 7656 7657 7658 7659 7660 7661 
0.166097 7679 7882 7883 7884 7885 7886 7887 7888 7889 7890 7891 7892 7893 7894 
0.156583 7728 7729 7730 7731 7732 7733 7734 7735 7736 7737 7738 
0.274136 7739 7740 7741 7742 7743 7744 7745 7921 7922 7923 7924 7925 7926 7927 7928 7929 7930 7934 8009 8050 8055 8105 8107 8136 8143 8144 8248 8249 8250 8251 8252 8253 8254 
0.032033 7795 7823 
0.161222 7809 7810 7811 7812 7813 7814 7815 7816 7817 7818 7819 7820 7821 
0.602284 7824 7825 7826 7827 7828 7829 8109 8110 8111 8112 8113 8114 8211 8212 8213 8295 
0.041275 7846 7847 7848 7849 7850 
0.407503 7851 7935 7936 7937 7938 7939 7940 7941 7942 7943 7944 7945 7946 7947 7948 7949 7950 7951 7952 7953 7954 7963 7995 8010 8016 8031 8045 8055 8105 8107 8136 8143 8144 8248 8249 8250 8251 8252 8253 8254 
0.11696 7861 7863 7864 7878 8056 8057 8058 8059 8060 8061 8081 8083 8084 8094 8106 8120 
0.133664 7865 7866 7867 7868 7869 7870 7871 7872 7873 7874 
0.234087 7875 7876 7900 7901 7902 7903 7904 7905 7906 7907 7989 7990 8090 8091 8092 8093 8195 
0.055003 7895 7896 7897 7898 7899 
0.048385 7931 7991 7992 8015 
0.086223 7960 7993 7994 8003 8004 8005 8006 8007 8008 
0.205049 8018 8019 8020 8021 8022 8023 8024 8025 8026 8027 8028 
0.175417 8046 8049 8104 8108 8116 8142 8180 
0.03676 8085 8086 8087 8088 8089 
0.156816 8117 8118 8181 8182 8183 8345 8346 8347 8348 8351 
0.186072 8145 8296 8297 8298 8299 8300 8301 8302 8303 8304 8305 8306 8307 8308 8309 8310 8311 8312 
0.07862 8162 8163 8166 8184 8185 8186 
0.194568 8167 8173 8174 8175 8176 8177 8178 8179 8180 
0.490917 8192 8208 8209 8434 8435 8436 8437 8438 8439 8440 8677 8678 8679 8680 8681 8695 8703 8714 8715 8773 8774 8775 8776 8777 8778 8779 8780 8782 8820 8821 8822 8839 8840 8880 8881 9011 
0.330092 8228 8229 8230 8231 8232 8233 8234 8235 8236 8237 8238 
0.058382 8255 8256 8257 8258 8259 
0.010231 8260 8268 
0.007585 8263 8312 
0.092995 8265 8269 8313 8314 8315 8316 8320 8325 8332 8333 8334 8340 8341 8342 8343 8344 
0.02104 8270 8271 8272 8273 
0.804033 8275 8937 8938 8939 8940 8941 8942 8943 8944 8945 8946 8947 8948 8949 8950 8951 8952 8953 8954 8955 8956 8957 8958 8959 8960 8961 8962 8963 8964 8965 8966 8967 8968 8969 8970 8971 8972 8973 8974 8975 8976 8977 8978 8979 8980 8981 8982 8983 8984 8985 8986 8987 8988 8989 8990 8991 8992 8993 8994 8995 8996 8997 8998 8999 9000 9001 9002 9003 9004 
0.021106 8317 8319 8326 8330 8344 
0.012268 8327 8328 8329 
0.045459 8335 8336 8337 8338 8339 
0.020823 8349 8350 8351 
0.207077 8352 8519 8520 8521 8522 8523 8524 8525 8526 8527 8528 8610 8611 8696 8697 8698 8699 8700 8716 8783 
0.249555 8359 8448 8449 8450 8451 8452 8453 8454 8455 8456 8457 8458 8459 8460 8461 8462 8463 
0.588639 8366 8377 8378 8379 8380 8381 8382 8383 8384 8385 8386 8387 8388 8389 8390 8391 8392 8393 8394 8395 8396 8397 8398 8399 8400 8401 8402 8403 8612 8613 8614 8615 8616 8617 8618 8619 8620 8621 8622 8623 8624 8625 8626 8627 8628 8629 8630 8631 8632 8633 8634 8635 
0.147928 8404 8405 8406 8407 8408 8409 8410 8411 
0.240725 8412 8532 8533 8534 8535 8536 8537 8661 8662 8856 8857 8858 8859 8860 8861 8862 8863 
0.941203 8415 8476 8477 8478 8479 8480 8481 8482 8483 8506 8531 8868 8869 8870 8871 8872 8873 8874 8884 8885 8886 8887 8888 8889 8890 8891 8892 8893 8894 8895 8896 8897 8898 8899 8900 8910 8911 8912 8913 8914 8915 8916 8917 8918 8919 8920 8921 8922 8923 8924 8925 8926 8927 8928 8929 8930 8931 8932 8933 8934 8935 8936 
0.050975 8418 8419 8420 8444 8447 8472 8474 
0.066403 8441 8442 8513 8514 8515 8516 8517 8518 
0.016393 8445 8446 8512 
0.009455 8473 8475 8503 
0.389914 8484 8530 8788 8901 9331 9332 9333 9334 9335 9336 9337 9338 9339 9340 9341 
0.79098 8486 8497 8506 8531 8868 8869 8870 8871 8872 8873 8874 8884 8885 8886 8887 8888 8889 8890 8891 8892 8893 8894 8895 8896 8897 8898 8899 8900 8910 8911 8912 8913 8914 8915 8916 8917 8918 8919 8920 8921 8922 8923 8924 8925 8926 8927 8928 8929 8930 8931 8932 8933 8934 8935 8936 
0.012926 8498 8509 8764 
0.016509 8501 8502 8503 
1.14948 8510 8663 8664 8665 8741 8742 8743 8744 8745 8746 8747 8758 8759 8760 8765 8792 8794 8849 8850 8851 8852 8853 9013 9019 9027 9028 9059 9060 9065 9066 9097 9101 9115 9116 9117 9118 9165 9267 9268 9269 9270 9367 9368 9369 9370 9371 9704 9705 9706 9707 9708 9709 9710 9711 9712 9713 9714 10544 10545 10546 10547 10548 10549 10550 10551 10552 10553 10554 10555 10556 10557 10558 10559 10560 10561 10562 10563 10564 10565 10566 10567 10568 10569 10588 
0.907337 8539 8540 8541 8542 8543 8544 8545 8546 8547 8548 8549 8550 8551 8552 8553 8554 8555 8556 8557 8558 8559 8560 8561 8562 8563 8564 8565 8566 8567 8568 8569 8570 8571 8572 8573 8574 8575 8576 8577 8578 8579 8580 8581 8582 8583 8584 8585 8586 8587 8588 8589 8590 8591 8592 8593 8594 8595 8596 8597 8598 8599 8600 8601 8602 8603 8604 8605 8606 8607 8608 8609 
0.20569 8637 8642 8643 8644 8645 8646 8647 8648 
0.692907 8649 8704 8705 8706 8707 8708 8709 8710 8711 8712 8713 8784 8786 8795 8805 8841 8842 8843 8844 8845 9050 9051 9052 9053 9054 9055 9056 9403 9404 9405 9406 9407 9408 9409 9410 9411 9412 9413 9414 9415 9416 9417 9418 9422 9423 9424 9425 9426 9427 
0.031427 8652 8658 
0.01943 8659 8660 
0.829143 8682 9072 9073 9074 9075 9076 9077 9078 9079 9080 9081 9082 9083 9084 9085 9086 9087 9088 9089 9090 9091 9183 9184 9185 9186 9187 9188 9189 9190 9191 9222 9223 9224 9225 9226 9227 9228 9229 9230 9231 9232 9233 9234 9235 9236 9237 9238 9239 9240 9241 9242 9243 9244 9245 9246 9247 9248 9249 9250 9251 9252 9253 9254 9255 9256 9257 9258 9259 
0.497745 8717 8785 8787 8795 8805 8841 8842 8843 8844 8845 9050 9051 9052 9053 9054 9055 9056 9403 9404 9405 9406 9407 9408 9409 9410 9411 9412 9413 9414 9415 9416 9417 9418 9422 9423 9424 9425 9426 9427 
0.258868 8720 8721 8722 8723 8724 8725 8726 8727 8728 8729 8730 8731 8732 8733 8734 8735 8736 8737 8738 8739 8740 
0.328186 8796 8800 8882 8883 8902 8903 8904 8905 8906 8907 8908 8909 
1.75034 8801 9528 9529 9530 9531 9532 9533 9534 9535 9536 9537 9538 9539 9540 9544 9554 9555 9556 10073 10074 10075 10076 10077 10078 10079 10084 10206 10207 10208 10209 10210 10492 10493 10494 10495 10496 10629 10630 10631 10632 10633 10729 10730 10731 10732 11213 11214 11215 11216 11217 11218 11219 11220 11221 11222 11223 11224 11225 11600 11601 11602 11603 11604 11605 11606 11607 11608 11609 11610 11611 11892 11893 11894 11895 11896 11897 11898 11899 
0.340485 8806 8882 8883 8902 8903 8904 8905 8906 8907 8908 8909 
0.243179 8825 8826 8827 8828 8829 8830 8831 8832 8833 8834 8835 8836 8837 8838 
0.05958 8854 9015 9016 9017 9100 
0.020409 8864 8865 
0.042251 8866 8875 9009 9024 9025 9387 
0.34332 8876 8882 8883 8902 8903 8904 8905 8906 8907 8908 8909 
0.03715 9005 9008 9020 9021 9022 
0.092847 9010 9012 9014 9029 9030 9038 9047 9062 9063 9064 9095 
0.163068 9067 9094 9102 9113 9114 9134 9135 9156 9157 9158 9436 9437 9438 9439 
0.011779 9092 9093 9096 9105 
0.111615 9098 9109 9166 9167 9168 9170 9218 
0.390105 9103 9159 9160 9161 9162 9260 9261 9262 9399 9400 9401 9402 9459 9460 9461 9462 9465 9474 9492 9524 9563 9564 9565 9701 9702 9703 
0.363738 9120 9132 9136 9140 9163 9164 9169 9324 9325 9326 9454 9455 9456 9457 9458 9466 9492 9524 9563 9564 9565 9701 9702 9703 
1.05377 9124 9173 9174 9175 9176 9197 9198 9204 9395 9396 9397 9566 9567 9568 9569 9570 9571 9572 9573 9574 9575 9576 9577 9578 9581 9586 9587 9589 9718 9719 9720 9721 9722 9825 9836 9847 9856 9857 9858 9859 9860 9861 9862 9863 9864 9865 9866 9867 9868 9869 9870 9871 9872 9873 9874 9875 9876 9877 9878 9879 9880 
0.145774 9145 9146 9147 9148 9149 9150 9151 9152 9153 
0.005634 9154 9155 
0.051007 9171 9177 9217 9434 
0.168033 9178 9444 9445 9446 9447 9448 9449 9450 9451 9452 9453 9467 9468 
1.00564 9192 9193 9197 9198 9204 9395 9396 9397 9566 9567 9568 9569 9570 9571 9572 9573 9574 9575 9576 9577 9578 9581 9586 9587 9589 9718 9719 9720 9721 9722 9825 9836 9847 9856 9857 9858 9859 9860 9861 9862 9863 9864 9865 9866 9867 9868 9869 9870 9871 9872 9873 9874 9875 9876 9877 9878 9879 9880 
0.541991 9263 10039 10040 10041 10042 10043 10044 10045 10046 10047 10048 10049 10050 10051 10052 10053 10054 10055 10056 10057 10058 10059 10060 10061 10062 10063 10064 10065 10066 10067 10068 10069 10070 10071 10072 10167 
0.050417 9274 9275 9323 
0.007706 9317 9322 
0.032945 9319 9320 9321 9322 
0.34768 9342 9965 9966 9967 9968 9969 9970 9971 9972 9973 9974 9975 9976 9977 9978 9979 9980 9981 9982 9983 9984 9985 9986 9987 9988 9989 9990 9991 9992 9993 9994 9995 9996 9997 9998 9999 10000 10335 
0.916518 9388 9723 9724 9725 9726 9727 9728 9729 9730 9731 9732 9733 9734 9735 9736 9737 9738 9739 9740 9741 9742 9743 9744 9745 9746 9747 9748 9749 9750 9751 9752 9753 9754 9755 9756 9757 9758 9759 9760 9761 9762 9763 9764 9765 9766 9767 9768 9769 9770 9771 9772 9773 9774 9775 9776 9777 9778 9779 9780 9781 9782 9783 9784 9785 9786 9787 9835 9855 9881 9882 9883 9884 9885 
0.049628 9432 9433 9434 
0.016422 9469 9476 9546 
0.242106 9472 9473 9475 9693 9694 9695 9696 9697 9698 9699 9700 9715 9716 9717 9842 9843 9844 
0.099587 9482 9483 9484 9485 9486 9487 9488 9489 9490 
0.045838 9493 9494 9523 9525 9526 9527 9547 
0.512257 9499 9500 9501 9502 9503 9504 9505 9506 9507 9508 9509 9510 9511 9512 9513 9514 9515 9516 9517 9518 9519 9520 9521 9522 
0.034578 9541 9543 9548 9550 
0.36172 9545 9551 9552 9553 9557 9588 9931 9932 9933 9934 9935 9936 9937 9938 9939 9940 10121 10122 10123 10124 
0.314026 9579 9580 9788 9789 9790 9791 9792 9793 9794 9795 9796 9889 9890 9891 9892 9893 9894 9895 9896 9897 9898 9899 9900 9901 9902 9903 9904 9905 9906 9907 9908 
1.10768 9590 9910 9911 9912 9913 9914 9915 9916 9917 9918 9919 9920 10392 10393 10394 10395 10396 10397 10398 10399 10400 10401 10402 10403 10404 10423 10424 10425 10508 10509 10510 10517 10532 10592 10593 10672 10673 10674 10675 10676 
0.692906 9820 9921 9922 9923 9924 9925 10168 10169 10170 10171 10172 10173 10174 10175 10176 10177 10178 10179 10180 10181 10182 10183 10184 10185 10186 10187 
0.136324 9837 10029 10030 10031 10032 10033 10034 10035 10036 10037 10038 10444 
0.090141 9941 9942 9943 9944 9945 9946 9947 9948 9949 
0.06064 9950 9951 9952 9953 9954 
1.21828 10001 10019 10020 10021 10022 10023 10024 10025 10026 10027 10028 10092 10093 10094 10095 10096 10097 10098 10099 10100 10101 10102 10103 10104 10105 10106 10107 10108 10109 10110 10111 10112 10113 10114 10115 10200 10201 10202 10203 10497 10498 10507 10532 10592 10593 10672 10673 10674 10675 10676 
0.185615 10085 10086 10087 10088 10089 10090 10091 
0.217221 10128 10129 10130 10131 10132 10133 10134 10135 10136 10137 10138 10139 10140 10141 10142 10143 10144 10145 10146 10147 10148 10149 10150 10151 10152 10153 
0.887165 10154 11294 11295 11296 11297 11298 11299 11300 11301 11302 11303 11304 11305 11306 11307 11308 11309 11310 11311 11312 11313 11314 11315 11316 11317 11318 11319 11320 11321 11322 11323 11324 11325 11326 11327 11328 11329 11330 11331 11332 11333 11334 11335 11336 11337 11338 11339 11340 11341 11342 11343 11344 11345 11346 11347 
0.266367 10194 10336 10570 10571 10572 10573 10574 10575 10576 10577 10578 10579 10580 10581 10582 10583 10584 
0.326355 10211 10214 10234 
1.96718 10235 10533 10534 10535 10536 10537 10538 10539 10540 10541 10542 10543 10685 10686 10687 10688 10689 10690 10691 10901 10902 10903 10904 10905 10906 10907 10908 10909 10910 10911 10912 10913 10914 11632 11633 11634 11635 11636 11637 11638 11639 11640 11641 11642 11643 11644 11645 11646 11647 11648 11649 11650 11651 11652 11653 11654 11655 11656 11657 11658 11659 11660 11661 11662 11663 11667 11668 11669 11670 12043 12044 12045 12046 12047 12048 12049 12050 12051 12052 12053 12054 12055 12066 12861 12862 12863 12864 12865 12866 12867 12868 12869 12870 12871 12872 12873 12874 12875 12876 12877 12878 12904 12905 12906 12907 12908 12909 12910 12911 12912 12913 12914 12915 12916 12917 12918 12919 12920 
0.889114 10255 10256 10257 10258 10259 10260 10261 10262 10263 10264 10265 10266 10267 10268 10269 10270 10271 10272 10273 10274 10275 10276 10277 10278 10279 10280 10281 10282 10283 10284 10285 10286 10287 10288 10289 10290 10291 10292 10293 10294 10295 10296 10297 10298 10299 10300 10301 10302 10303 10304 10305 10306 10307 10308 10309 10310 10311 10312 10313 10314 10315 10316 10317 10318 10319 10320 10321 10322 10323 10324 10325 10326 10327 10328 10329 10330 10331 10332 10333 10334 10335 
1.10462 10337 11250 11251 11252 11253 11254 11255 11256 11257 11258 11259 11260 11261 11262 11263 11264 11265 11266 11267 11268 11269 11270 11271 11272 11273 11274 11275 11276 11277 11278 11279 11280 11281 11282 11283 11284 11285 11286 11287 11288 11289 11290 11291 11292 11293 11677 11678 11679 11680 11681 11682 11683 11684 11685 11686 11687 11688 11689 11690 11791 11792 11793 11794 11795 11796 11797 11798 11799 11800 11801 11802 11803 11804 11805 11806 11807 
0.169272 10405 10449 10665 10666 10667 10668 10669 10670 10671 10701 
0.589264 10407 10408 10409 10410 10411 10412 10413 10414 10415 10416 11112 11113 11114 11115 11116 11117 11118 11119 11120 11121 11122 11123 11124 11125 11126 11127 11128 11129 11130 11131 11132 11133 11134 11135 11136 11137 11138 
0.244486 10427 10428 10429 10430 10431 10432 10433 10434 10435 10436 10437 10438 10439 10440 10441 10442 10443 10444 
0.122744 10454 10455 10518 10519 10520 10521 10522 10585 10586 10587 10588 
0.336735 10456 10457 10458 10459 10460 10461 10462 10463 10464 10465 10466 10467 10468 10469 10470 10471 10472 10473 10474 10475 10476 10477 10478 10479 10480 10481 10482 10483 10484 10485 10486 10487 10488 
0.342707 10514 10680 10681 10682 11068 11069 11070 11558 
0.01895 10589 10590 
0.272832 10594 10595 10596 10597 10598 10599 10600 10601 10602 10603 10604 10605 10606 10624 10634 10635 10636 10637 10654 
0.158241 10607 10608 10609 10610 10611 10612 10613 10614 10615 10616 10617 10618 10619 10620 
0.072476 10621 10622 
0.058084 10625 10626 10627 10628 
0.040866 10653 10655 10656 10657 
0.491186 10658 10663 10678 10679 10848 10849 10850 10851 10852 10859 10884 10895 10896 10897 10898 10899 10900 
1.2081 10705 10892 10983 10984 10985 10986 10987 10988 10989 10990 10991 10992 10993 10994 10995 10996 10997 10998 10999 11000 11001 11002 11003 11004 11005 11006 11007 11008 11009 11010 11011 11012 11013 11014 11015 11016 11017 11018 11019 11020 11021 11022 11023 11024 11025 11026 11027 11028 11029 11030 11031 11032 11033 11034 11035 11036 11037 11038 11039 11040 11041 11042 11043 11044 11387 11388 11389 11390 11391 11392 11393 11394 11395 11396 11397 11398 11399 11400 11401 11402 11403 11404 11405 11406 11407 11408 11409 11410 11411 11412 11413 11414 11415 11416 11417 11418 11419 11420 11421 11422 11423 11424 11425 11426 11624 11625 11626 11627 11630 11631 11874 11875 11876 
0.878726 10733 10734 10735 10736 10737 10738 10739 10740 10741 10742 10743 10744 10745 10746 10747 10748 10749 10750 10751 10752 10753 10754 10755 10756 10757 10758 10759 10760 10761 10762 10763 10764 10765 10766 10767 10768 10769 10770 10771 10772 10773 10774 10775 10776 10777 10778 10779 10780 10781 10782 10783 10784 10785 10786 10787 10788 10789 10790 10791 10792 10793 10794 10795 10875 10876 10877 10878 10879 10880 10881 10882 10883 
0.25458 10796 10820 11071 11072 11073 11074 11075 11076 11091 11092 11093 11139 11140 11623 
0.471384 10808 10918 10919 10920 10921 10922 10923 10924 10925 10926 10927 10928 10929 10930 10931 10932 10933 10934 10935 10936 10937 10938 10939 10940 10941 10942 10943 10944 10945 10946 10947 10948 10949 10950 10951 10952 10953 10954 10955 10956 10957 10958 10959 10960 10961 10962 10963 10964 10965 10966 10967 10968 10969 10970 10971 10972 10973 10974 10975 10976 10977 10978 10979 10980 10981 10982 11045 11046 11047 11048 11049 11050 11051 11052 11053 11054 11055 11056 
1.05639 10813 11157 11158 11159 11160 11161 11162 11163 11164 11165 11166 11167 11168 11169 11170 11171 11172 11173 11174 11175 11176 11691 11692 11693 11694 11695 11696 11697 11698 11699 11700 11701 11702 11703 11704 11705 11706 11707 11708 11709 11710 11711 11712 11713 11714 11715 11716 11717 11718 11719 11720 11721 11722 11723 11724 11725 11726 11727 11728 11729 11730 11731 11732 11733 11734 11735 11736 11737 11738 11739 11740 11741 11742 11743 11744 11745 11746 11747 11748 
0.136881 10821 10822 10823 10824 10825 10826 10827 10828 10829 10830 10831 10832 
0.059096 10834 10835 
0.148519 10836 10853 11077 11078 11079 11080 11081 11095 
0.13116 10854 10890 10891 10893 10894 
0.125672 10861 10862 10863 10864 10865 10866 10867 10868 10869 10870 10871 10872 10873 10874 
0.073054 10885 10889 
0.112289 10888 10889 
0.15604 11058 11144 11145 11146 11147 11352 
0.04785 11060 11061 11062 
0.020732 11063 11156 
1.60289 11082 11089 11090 11097 11098 11148 11149 11150 11151 11152 11210 11211 11212 11226 11227 11228 11229 11230 11231 11232 11233 11234 12461 12462 12463 12464 12465 12466 12467 12468 12469 12470 12471 12472 12473 12474 12475 12476 12477 12478 12479 12480 12481 12482 12483 12484 12485 12486 12487 12488 12489 12490 12491 12492 12493 12494 12495 12496 12497 12498 12499 12500 12501 12502 12503 12504 12505 12506 12507 12508 12509 12510 12511 12512 12513 13645 13646 13647 13648 13649 13650 13651 13652 13653 13654 13655 13656 13657 13658 13659 13660 13661 13662 13663 13664 13665 13666 13667 13668 13669 13670 13671 13672 13673 13674 13675 13676 13677 13678 13679 13680 13681 13682 13683 13684 13685 13686 13687 13688 13689 13690 13694 
0.037026 11094 11096 11143 
0.393197 11099 11528 11529 11530 11531 11532 11533 11534 11535 11536 11537 11538 11539 11540 11541 11542 11671 11672 11673 11674 11675 11676 12719 
0.578948 11153 11369 11370 11371 11372 11373 11374 11375 11376 11377 11378 11379 11380 11381 11382 11427 11428 11429 11430 11431 11432 11433 11434 11435 
0.11082 11203 11204 
0.103546 11207 11208 11209 
0.08987 11235 11236 11237 
0.248673 11238 11239 11240 11241 11242 11243 11244 11245 11246 11247 11248 11249 
1.29321 11353 12101 12102 12103 12104 12105 12106 12107 12108 12109 12110 12111 12112 12113 12114 12115 12116 12117 12118 12119 12120 12121 12122 12123 12124 12125 12126 12127 12128 12129 12130 12131 12132 12133 12134 12135 12356 12357 12358 12359 12360 12361 12362 13456 13457 13458 13459 13460 13461 13462 13463 13464 13465 13466 13467 13468 13469 13470 13471 13472 13473 13474 13475 13476 13477 13478 13479 13480 13481 13482 13483 13484 13485 13486 13487 13488 13489 13490 13491 13492 13493 13494 13495 13507 13508 13509 
0.542416 11436 11437 11438 11439 11440 11441 11442 11443 11444 11445 11446 11447 11448 11449 11450 11451 11452 11453 11454 11455 11456 11457 11458 11459 11460 11461 11462 11463 11464 11465 11466 11467 11468 11469 11470 11471 11472 11473 11474 11475 11476 11477 11478 11479 11480 11481 11482 11483 11484 11485 11486 11487 11488 11489 11490 11491 11492 11493 11494 11495 11496 11497 11498 11499 11500 11501 11502 11503 11504 11505 11506 11507 11508 11509 11510 11511 11512 11513 11514 11515 11516 11517 11518 11519 11520 11521 11522 11523 11524 11525 11526 11527 
0.335611 11543 11960 11961 11962 11963 11964 11965 11966 11967 11968 11975 
0.548764 11559 11572 11573 11574 11575 11576 11577 11597 11628 11629 
0.26423 11578 11579 11580 11581 11582 11583 11584 11585 11586 11587 11588 11589 11590 11591 11592 11593 11594 11595 11596 
0.290612 11612 11613 11614 11615 11616 11617 11618 11619 11620 11621 11622 11623 
0.093638 11664 11929 
1.39901 11749 12522 12523 12524 12525 12526 12527 12528 12529 12530 12531 12532 12533 12534 12535 12536 12537 12538 12539 12540 12541 12542 12543 12544 12545 12546 12547 12548 12549 12550 12551 12552 12553 12554 12555 12556 12557 12558 12559 12560 12561 12562 12563 12564 12565 12566 12567 12568 12569 12570 12571 12572 12573 12574 12575 12576 12577 12578 12579 12580 12581 12582 12583 12584 12585 12586 12587 12588 12589 12590 12591 12592 12593 12594 12595 12596 12597 12598 12599 12600 12601 12602 12603 12604 12605 12606 12607 12608 12609 12610 12611 12612 12613 12614 13125 13126 13127 13128 13129 13130 13131 13132 13133 13134 13135 13136 13137 13138 13139 13140 13141 13142 13143 13144 13145 13146 13147 13148 13149 13150 13151 13152 13153 
0.22264 11831 11832 11837 11838 12019 12020 12021 12022 12023 12072 12080 12094 12346 
0.421291 11834 11835 11880 11886 11930 11931 11932 11933 11934 11935 12081 12082 12083 12084 12095 12096 12097 12098 12099 
0.296546 11849 11850 11851 11852 11853 11854 11855 11856 11857 11858 11859 11860 11861 11862 11863 11864 11865 11866 11867 11868 11869 11870 11871 11872 
0.171462 11877 12059 12060 12061 12062 12063 12064 12065 12070 12075 12076 12077 12078 12079 12144 
0.681164 11881 12372 12373 12374 12375 12376 12377 12378 12379 12380 12381 12382 12383 12384 12385 12386 12387 12388 12389 12390 12391 12392 12393 12394 12395 12396 12397 12398 12399 12400 12401 12402 12403 12404 12405 12406 12407 12408 12409 12410 12411 12412 12413 12414 12415 12416 12417 12418 
0.575252 11903 11904 11905 11906 11907 11908 11909 11910 11911 11912 11913 11914 11915 11916 11917 11918 11919 11920 11921 11922 11923 11924 11925 11926 11927 
0.26535 11928 11935 12081 12082 12083 12084 12095 12096 12097 12098 12099 12100 
0.306933 11936 11945 11946 11947 11948 11949 11950 11951 11952 11953 11954 11955 11956 
0.061271 11957 11958 11959 
0.056696 11969 11970 
0.066651 11971 11972 11973 
0.542286 11976 11977 11978 11979 11980 11981 11982 11983 11984 11985 11986 11987 11988 11989 11990 11991 11992 11993 11994 11995 11996 11997 11998 11999 12000 12001 12002 12003 12004 12005 12006 12007 12008 12009 12010 12011 12012 12013 12014 12015 12016 12017 12018 
0.844274 12024 12055 12066 12861 12862 12863 12864 12865 12866 12867 12868 12869 12870 12871 12872 12873 12874 12875 12876 12877 12878 12904 12905 12906 12907 12908 12909 12910 12911 12912 12913 12914 12915 12916 12917 12918 12919 12920 
0.04022 12067 12068 12069 
0.152674 12085 12087 12088 12089 12090 12091 12092 12093 
0.058566 12142 12241 12243 
0.497105 12147 12148 12149 12150 12151 12152 12153 12154 12155 12156 12157 12158 12159 12160 12161 12162 12163 12164 12165 12166 12167 12168 12169 12170 12171 12172 12173 12174 12175 12176 12177 12178 12179 12180 12181 
0.361142 12183 12184 12185 12186 12187 12188 12189 12190 12191 12192 12193 12194 12195 12196 12197 12198 12199 12200 12201 12202 
0.108771 12203 12204 12205 12206 
0.943704 12208 12209 12231 12232 12515 12516 12517 12518 12519 12520 12745 12746 13102 13103 13104 13105 13106 13107 13117 13568 13569 13570 
0.027894 12239 12252 
0.283366 12242 12244 12291 12321 12322 12323 12337 12795 12796 12797 12798 12799 12800 12801 12802 12803 12804 12805 12806 12817 
0.664844 12245 12256 12257 12258 12259 12260 12261 12262 12263 12264 12265 12266 12267 12268 12269 12270 12271 12272 12273 12274 12275 12276 12277 12278 12279 12280 12281 12282 12283 12284 12285 12286 12287 12288 12289 12290 
0.046233 12253 12255 12750 
0.223894 12292 12419 12420 12421 12422 12423 12424 12425 12829 12830 12831 12832 
0.190172 12307 12308 12309 12310 12311 12312 12313 12314 12315 
0.370109 12324 12339 12352 
0.062567 12347 12348 12349 
0.098739 12363 12364 12365 12366 12367 
0.293033 12368 12656 12657 12658 12659 12660 12661 12662 12663 12664 12665 12666 12667 12668 12669 12670 12671 12672 12673 12674 12675 12676 12677 12678 12679 12680 
0.282961 12615 12616 12617 12618 12619 12620 12621 12622 12623 12624 12625 12626 12627 12628 12629 12630 12631 12632 12633 12634 
0.254435 12636 12637 12638 12639 12640 12641 12642 12643 12644 12645 12646 12647 12648 12649 12650 12651 12652 12653 
0.017141 12654 12655 
0.529274 12682 12720 12721 12722 12723 12724 12725 12726 12727 12728 12729 12730 12731 12732 12733 12734 12735 12736 12737 12738 12739 12740 12741 12742 12743 12744 
0.311095 12747 12751 12752 
1.57855 12753 13212 13213 13214 13215 13216 13217 13218 13219 13220 13221 13222 13223 13224 13225 13716 13717 13718 13719 13720 13721 13722 13723 13724 13725 13726 13727 13728 13729 13730 13731 13732 13733 13734 13735 13736 13737 13738 13739 13740 13741 13742 13743 13744 13745 13746 13747 13748 13749 13750 13751 13752 13753 13754 13755 13756 13757 13758 13759 13760 13761 13762 13763 13764 13765 13766 13767 13768 13769 13770 13771 13772 13773 13774 13775 13776 13777 13778 13779 13780 13781 13782 13783 13784 13785 13786 
0.096874 12780 12781 12782 12783 12784 
0.074508 12785 12786 12787 12788 12789 
0.283777 12812 12820 12821 12833 12860 12977 
0.117019 12818 12822 12823 
0.192726 12824 12941 12942 12943 12944 12982 12983 13098 13099 13100 13124 
0.142759 12834 13005 13006 13007 13008 13009 13010 13011 13012 13013 13014 13015 
0.275013 12841 12879 12880 12881 12882 12883 12884 12885 12886 12887 12888 12889 12890 12891 12892 12893 12894 12895 12896 12897 12898 12899 12900 12901 12902 12903 
0.152175 12921 12984 12992 
0.170462 12923 12924 12925 12926 12927 
0.124385 12945 12946 12947 12948 12949 12950 12951 12952 12953 12954 12955 12956 12957 
0.125033 12964 12965 12966 12967 12968 12969 12970 12971 12972 
0.005364 12973 12974 
0.107348 12975 12991 13022 13226 13235 
0.078922 12978 12981 13332 
0.108389 12985 12994 12995 
0.119504 12996 12997 12998 12999 
0.85953 13002 13016 13577 13633 13634 13635 13636 13637 13638 13639 13640 13641 13643 13884 13885 13886 13887 13895 13896 13897 
0.178057 13023 13024 13025 13026 13027 13028 13029 13030 13031 13032 13033 13034 13035 13036 13037 13038 13039 13040 13041 13042 13043 13044 13045 13046 13047 13048 
0.302418 13049 13050 13051 13052 13053 13054 13055 13056 13057 13058 13059 13060 13061 13062 
0.753797 13108 13119 13572 13573 13574 13582 13691 13692 13693 13698 13699 13700 13701 13702 14274 14275 14276 14277 14278 14279 14280 14281 14282 14283 14284 14285 14286 14324 14325 14326 14327 
0.017163 13123 13124 
0.292652 13157 13158 13159 13160 13161 13162 13163 13164 13165 13166 13167 13168 13169 13170 13171 13172 13173 13174 13175 13176 13177 13178 13179 13180 13181 13182 13183 
0.129249 13197 13198 13199 13200 13201 13202 13203 13204 13205 13206 13207 13208 13209 
0.075166 13210 13211 
0.126425 13227 13323 13324 13325 13326 13368 13373 
0.074087 13232 13233 
0.075343 13234 13629 13630 13631 
0.220521 13236 13243 13244 13245 13246 13247 13248 13249 13250 13251 13252 
0.213287 13253 13510 13516 13517 13567 13571 13575 13576 
0.043361 13262 13263 13264 
0.816434 13265 13266 13267 13268 13269 13270 13271 13272 13273 13274 13275 13276 13277 13278 13279 13280 13281 13282 13283 13284 13285 13286 13287 13288 13289 13290 13291 13292 13293 13294 13295 13296 13297 13298 13299 13300 13301 13302 13303 13304 13305 13306 
0.099935 13307 13308 13309 13310 13311 
0.164002 13327 13328 13329 13330 13331 13332 
0.319274 13336 13337 13338 13339 13340 13341 13342 13343 13344 13345 13346 13347 13348 13349 13350 13351 13352 13353 13354 13370 13371 13816 13817 13818 13819 13820 13821 13822 13823 13824 13825 13826 13827 
0.426101 13357 13410 13411 13511 13512 13642 13792 13793 13794 13795 13796 13797 13798 13799 13800 13801 13802 13803 13804 13805 13806 13807 13808 13809 13810 13811 13812 13813 13814 13815 13828 13829 13830 13831 13832 13833 13834 13835 
0.497049 13372 13587 13588 13589 13590 13591 13592 13593 13594 13595 13596 13597 13598 13599 13600 13601 13602 13603 13604 13605 13606 13607 13608 13609 13610 13611 13612 13613 13614 13615 13616 
0.334511 13377 14184 14185 14186 14187 14188 14189 14190 14191 14192 14193 14194 14195 14196 14595 
0.139759 13399 13496 13497 13498 13499 13500 13501 13502 13503 13504 13505 13506 
0.254413 13412 13413 13414 13415 13416 13417 13418 13419 13420 13421 13422 13423 13424 13425 
1.51786 13427 13428 13429 13430 13431 13432 13433 13434 13435 13436 13437 13438 13439 13440 13441 13442 13443 14217 14218 14219 14220 14221 14222 14223 14224 14225 14226 14227 14228 14229 14230 14231 14232 14233 14234 14235 14236 14237 14238 14239 14240 14241 14242 14243 14244 14510 14511 14512 14513 14514 14515 14516 14517 14518 14519 14520 14521 14522 14523 14524 14525 14526 14527 14528 14529 14530 14531 14532 14533 14534 14535 14536 14537 14538 14539 14540 14541 14542 14543 14544 14545 14546 14547 14548 14549 14550 14551 14552 14553 14554 14555 14556 14557 14558 14559 14560 14561 14562 14563 14564 14565 14566 14567 14568 14569 14570 14571 14572 14573 14574 14575 14576 14577 14578 14579 
0.201308 13513 13515 13516 13517 13567 13571 13575 13576 
0.863294 13518 13519 13520 13521 13522 13523 13524 13525 13526 13527 13528 13529 13530 13531 13532 13533 13534 13535 13536 13537 13538 13539 13540 13541 13542 13543 13544 13545 13546 13547 13548 13549 13550 13551 13552 13553 13554 13555 13556 13557 13558 13559 13560 13561 13562 13563 13564 13565 13566 
0.116975 13584 13585 13586 
0.217117 13617 13621 13990 13991 13992 13993 
0.391557 13619 13641 13643 13884 13885 13886 13887 13895 13896 13897 
0.064323 13695 13696 
0.171434 13787 13974 13975 13976 13977 13978 13979 13980 13981 13982 13983 13984 13985 13986 13987 14005 
0.201602 13836 13837 13838 13839 13840 13841 13842 13843 13844 13845 13846 13847 13848 13849 
0.083701 13891 13898 13899 13900 13901 13902 
0.102538 13903 13904 13905 13906 13907 13908 
0.218555 13922 13988 13989 14036 14037 14038 14039 14040 14041 
1.46848 13924 13925 13926 13927 13928 14007 14008 14009 14010 14011 14012 14013 14014 14015 14016 14017 14018 14019 14020 14021 14692 14693 14694 14695 14696 14697 14698 14699 14700 14701 14702 14703 14704 14705 14706 14707 14708 14709 14710 14711 14712 14891 14892 14893 14894 14895 14958 14959 14960 14961 14962 14963 14964 14965 14966 14967 14968 14969 14970 14971 14972 14973 14974 14975 14976 14977 14978 14979 14980 14981 14982 14983 14984 
0.87152 13929 13930 13931 13932 14767 14768 14769 14770 14771 14772 14773 14774 14775 14776 14777 14778 14779 14780 14781 14782 14783 14784 14785 14786 14787 14788 14789 14790 14791 14792 14793 14794 14795 14796 15178 15179 15180 15181 15182 15183 15184 15272 15273 15274 15275 15437 15438 15439 15440 
0.726962 13933 14045 14046 14047 14048 14049 14050 14051 14052 14053 14054 14055 14056 14057 14058 14059 14060 14180 14181 14182 14480 14481 14482 14483 14484 14485 14486 14487 14488 14489 14490 14491 14492 14493 14494 14495 14496 14497 14498 14499 14500 14501 14502 14503 14504 14505 14506 14507 
0.207854 13955 13956 13957 13958 13959 13960 13961 13962 13963 13964 13965 13966 13967 13968 13969 13970 
0.109724 13994 13995 13996 13997 13998 13999 14000 14001 14002 14003 
0.119338 14032 14149 14150 14151 14417 
0.341963 14071 14134 14157 14300 14383 14393 14394 14596 14662 14663 14664 14665 14666 
0.486501 14078 14582 14583 14584 14585 14586 14587 14588 14589 14590 14591 14592 14593 14594 14595 
0.157295 14130 14131 14132 14133 
0.720708 14135 14442 14608 14609 14670 14671 14672 14673 14674 14675 14676 14677 14678 14679 14680 14681 14682 14683 14684 14685 14686 14687 14688 14689 14690 
0.645626 14140 14216 14442 14608 14609 14670 14671 14672 14673 14674 14675 14676 14677 14678 14679 14680 14681 14682 14683 14684 14685 14686 14687 14688 14689 14690 14691 
0.098094 14158 14159 14160 14161 14162 
0.2148 14163 14164 14165 14166 14167 14168 14169 14170 14171 14172 14173 14174 14175 14176 14177 
0.059381 14245 14267 14268 14269 
0.680721 14250 14295 14402 14403 14404 14405 14406 14407 14408 14764 14822 
0.236883 14297 14389 14390 14391 14392 14395 14396 14409 14410 14411 14412 14413 14414 14453 14509 14834 
0.024244 14315 14358 14359 14360 14361 
0.051519 14319 14320 14337 14338 14339 
0.688999 14322 14397 14398 14399 15001 15002 15003 15004 15005 15006 15007 15008 15009 15010 15011 15012 15013 15014 15015 15016 15017 15018 15019 15020 15021 15022 15023 15024 15025 15026 15027 15028 15223 15224 
0.05667 14328 14332 14333 14334 14335 14336 
0.55712 14340 14605 14606 14607 14612 14628 14629 14630 15130 15131 15132 15133 15134 15135 15136 15137 15138 15139 15140 15141 15142 15143 15144 
0.029921 14380 14381 14382 
0.341671 14386 14408 14764 14822 
0.006919 14400 14599 
0.117609 14415 14418 14419 14420 14421 14422 14423 14424 14425 14426 14427 
0.117077 14443 14444 14445 14446 14447 14448 14449 14450 14451 14452 
0.23374 14454 14737 14738 14739 14740 14741 14743 
0.079329 14600 14601 14602 14603 14604 
0.43734 14613 14627 14628 14629 14630 15130 15131 15132 15133 15134 15135 15136 15137 15138 15139 15140 15141 15142 15143 15144 
0.011323 14644 14645 
0.347727 14646 14727 14728 14729 14730 14731 14732 14733 14734 14735 14736 14823 14824 14825 14826 14827 14828 14829 14830 14831 14832 14833 14834 
0.402612 14716 15170 15171 15172 15173 15174 15175 15176 15177 15511 15512 15513 15514 15515 15516 15517 15518 15519 
0.018536 14742 14875 
0.333067 14744 14745 14746 14747 14748 14749 14750 14751 14752 14753 14754 14755 14756 14757 14758 14759 14760 14761 14762 14763 
0.027748 14765 14766 14821 
0.290886 14812 14844 14845 14846 14847 14848 14849 14850 14851 14852 14853 14854 14855 14856 14857 14858 14859 14860 14861 14862 14863 
0.124533 14836 14837 14838 14839 14840 14841 14842 14843 
0.183408 14864 14876 14887 14888 14951 14952 14953 14954 14955 
0.074121 14870 14871 14872 14873 14874 14875 
0.414172 14877 14881 14882 14883 14884 14885 14886 
0.778849 14914 14915 14916 14917 14918 14919 14920 14921 14922 14923 14924 14925 14926 14927 14928 14929 14930 14931 14932 14933 14934 14935 14936 14937 14938 14939 14940 14941 14942 14943 15073 15074 15075 15076 15077 15078 15079 15080 15081 15082 15244 15245 15246 15247 15248 15249 15250 15251 15252 15253 15254 
0.262611 14944 14956 14957 14985 14997 14998 14999 
0.165423 14986 14987 14988 14989 14990 14991 14992 14993 14994 14995 14996 
0.143446 15029 15030 15031 15032 15033 15034 15035 15036 15037 15038 15039 
0.167904 15040 15041 15042 15043 15044 15045 15046 15047 15048 15049 
0.07593 15050 15051 15052 15053 15206 15207 15214 15216 
0.017421 15071 15072 
0.08092 15083 15084 15085 15086 15087 15088 15089 15090 15091 15092 15093 
0.103927 15096 15208 15336 15337 
0.410504 15099 15100 15101 15102 15103 15104 15105 15106 15107 15108 15109 15110 15111 15112 15113 15114 
0.278166 15115 15116 15117 15118 15119 15120 15121 15122 15123 15124 15125 15126 15127 15128 15129 
0.554487 15145 15146 15147 15148 15149 15150 15151 15152 15153 15154 15155 15156 15157 15158 15159 15160 15161 15162 15163 15164 15165 15166 
0.393229 15185 15186 15187 15188 15189 15190 15191 15192 15193 15194 15195 15196 15197 15293 15408 
0.404682 15198 15199 15200 15201 15202 15203 15233 15234 15235 15287 15288 15289 15290 15291 15292 15293 15408 
0.384405 15215 15327 15328 15591 15592 15593 15594 15595 15596 15597 15598 15599 15758 15759 15760 
0.628071 15217 15458 15459 15460 15461 15462 15463 15464 15465 15466 15467 15468 15469 15470 15471 15472 15473 15474 15475 15476 15477 15478 15479 15480 15481 15482 15483 15484 15485 15486 15487 15488 15489 15490 15491 15492 15493 15494 15495 15496 15497 15498 15499 15500 15501 15502 15503 15504 15505 15506 
0.06047 15225 15229 15230 15231 15232 
0.065174 15227 15232 
0.991057 15240 15353 15354 15355 16001 16002 16003 16004 16005 16006 16007 16008 16009 16010 16011 16012 16013 16014 16015 16016 16017 16018 16019 16020 16021 16022 16023 16024 16025 16026 16027 16028 16029 16030 16031 16032 16033 16034 16035 16036 16037 16038 16039 16040 16041 16042 16043 16044 16045 16046 16047 16048 16049 16050 16051 16052 16053 16054 16055 16056 16057 16058 16059 16060 16130 16131 16132 16133 16134 16135 16136 16297 16298 16299 16300 16301 16302 16303 16304 16305 16306 16307 16308 16309 16310 16311 16312 16313 16314 16315 16316 16317 16318 16365 16366 16480 
0.181444 15255 15625 15626 
0.355175 15268 15310 15328 15591 15592 15593 15594 15595 15596 15597 15598 15599 15758 15759 15760 
1.50505 15276 15305 15306 15307 15308 15329 15330 15331 15332 15338 16270 16271 16272 16273 16274 16275 16276 16277 16278 16279 16280 16281 16282 16283 16284 16285 16286 16287 16288 16289 16290 16291 16837 16838 16839 16840 16841 16842 16843 16844 16845 16846 16847 16848 16849 16850 16851 16956 16957 16958 16959 16960 16961 16962 16963 17560 17561 17562 17563 17564 17565 17566 17567 17568 17569 17570 17571 17572 17573 17574 17575 17576 17577 17578 17579 17580 17581 17582 17583 17584 17585 17586 17587 17588 17589 17590 17591 17592 17593 17594 17595 17596 17597 17598 17599 17600 17601 17602 17603 17604 
0.057034 15283 15284 15285 15286 
0.34317 15311 15312 15313 15314 15315 15316 15317 15318 15319 15320 15321 15322 15323 
0.685252 15333 15368 15520 15521 15555 15556 15557 15558 15559 15560 15561 15562 15563 15564 
0.108673 15339 15344 15345 15346 15347 15348 15349 
0.153682 15356 15376 15377 15378 15379 15380 15381 15382 15383 15384 15394 15432 
0.821058 15364 15367 15368 15520 15521 15555 15556 15557 15558 15559 15560 15561 15562 15563 15564 
1.17423 15395 15421 15422 15423 15424 15425 15426 15427 15586 15587 15588 15627 15628 15629 15630 15632 15924 15925 15926 15927 15928 15929 16982 16983 16984 16985 16986 16987 16988 16989 16990 16991 16992 16993 16994 16995 16996 16997 
0.128744 15409 15565 15566 15567 15568 15569 15570 15571 15572 15573 15574 15575 15576 15726 
0.03814 15416 15417 15418 15419 15420 
0.181907 15428 15433 15441 15544 15545 15546 15547 15548 15549 15684 15685 15686 15687 15688 15689 15690 15691 
0.168357 15434 15507 15508 15509 15510 15519 
0.084653 15525 15526 15527 15528 15529 15530 
0.018469 15531 15552 
0.044088 15536 15537 15538 15539 15540 15541 15542 15543 
0.031986 15550 15551 15552 
0.607146 15553 15878 15879 15880 15881 15882 15883 15884 15885 15886 15887 15888 15889 15890 15891 15892 15893 15894 15895 15896 15897 15898 15899 15900 15901 15902 15903 15904 15905 15906 15907 15908 15909 15910 15911 15912 
0.014348 15581 15582 15583 
0.568575 15606 15985 15986 15987 15988 15989 15990 15991 15992 15993 15994 15995 15996 15997 15998 16211 16212 16213 16214 16492 16493 16723 16724 16725 16726 16727 16728 16729 16730 16731 16732 16733 16734 16735 16736 16737 16738 16739 16740 16741 16746 16972 
0.725524 15636 15637 15638 15639 15640 15641 15642 15643 15644 15645 15646 15647 15648 15649 15650 15651 15652 15653 15654 15655 15656 15657 15658 
0.352175 15659 15660 15661 15662 15663 15664 15665 15666 15667 15668 15669 15670 15671 15672 
0.071455 15719 15720 15721 15722 15723 15724 15725 15726 
0.434387 15728 15729 15730 15731 15732 15733 15734 15735 15736 15737 15738 15739 15740 15741 15742 15743 15744 15745 15746 15747 15748 15749 15750 15751 15752 15753 15754 15755 15756 15757 
0.017479 15761 15762 15765 
0.008944 15763 15764 
0.086594 15780 15860 15861 15862 15863 15864 
0.177851 15786 15788 15848 15857 15858 15859 15877 16109 16110 16111 16112 16113 
0.107517 15789 15790 15791 15792 15793 15794 15795 15796 15797 15798 15799 
0.169375 15800 15801 15802 15803 15804 15805 15806 15865 15866 15867 15868 15869 15870 15871 16129 
0.162068 15807 15808 15809 15810 15811 15812 15813 15814 15815 15816 15817 15818 15819 15820 
0.156887 15830 15839 15840 15841 15842 15843 15844 15845 15846 15847 
0.631293 15913 15914 15916 15917 16101 16102 16103 16104 16105 16106 16107 16108 16530 16531 16532 16533 16534 16535 16536 16537 16538 16539 16540 16541 16542 16543 16544 16545 16546 16547 16548 16549 16550 16551 16557 16558 16559 16560 16689 16690 16691 16692 16693 16694 16695 16696 16697 16698 16699 16700 16701 16702 
0.913823 15918 15945 15946 15947 17348 17349 17350 17351 17352 17353 17354 17355 17356 17357 17358 17359 17360 17361 17362 17363 17364 17365 17366 17367 17368 17369 17370 17371 17372 17373 17451 17452 17478 
0.701713 15930 16077 17163 17164 17165 17166 17167 17168 17169 17170 17171 17289 17290 17291 17292 17293 17294 17295 17296 17297 17298 17299 
0.429952 16078 16079 16080 16081 16082 16083 16084 16085 16086 16087 16088 16089 16090 
0.176699 16114 16115 16116 16117 16118 16119 16120 16121 16122 16123 16124 16125 16126 16127 16128 16129 
0.394674 16137 16197 16198 16199 16200 16201 16202 16203 16204 16205 16206 16207 16208 16209 16210 16367 16368 16369 16370 16371 16372 16373 16374 
0.139905 16182 16183 16184 16185 16186 16187 16188 16189 16190 16191 16192 
0.170155 16215 16217 16218 
0.08526 16249 16250 16251 16252 16253 16254 16255 16256 16257 16258 16259 
0.08975 16261 16262 16265 16266 16267 16269 16481 
0.027219 16263 16673 
0.470392 16319 16561 16562 16563 16564 16565 16566 16567 16568 16569 16570 16571 16572 16573 16574 16575 16576 16577 16578 16579 16580 16581 16582 16860 16861 16862 16863 16864 16865 16866 16867 16868 16869 16870 
0.658113 16341 16917 16918 16919 16920 16921 16922 16923 16924 16925 16926 16927 16928 16929 16930 16931 16932 16933 16934 16935 16936 16937 17426 17427 17428 17429 17430 17431 17432 17433 17434 17467 17472 
0.7526 16375 16378 16379 16380 16381 16382 16383 16384 16385 16386 16387 16388 16389 16390 16391 16392 16393 16394 16395 16396 16397 16398 16399 16400 16401 16402 16403 16404 16405 16406 16407 16408 16409 16410 16411 16412 16413 16414 16415 16416 16417 16418 16419 16420 16421 16422 16423 16424 16425 16426 16427 16428 16429 16430 16431 16432 16433 16434 16435 16436 16437 16438 16439 16440 16441 16442 16443 16444 16445 16446 16447 16448 16449 16450 16451 16452 16453 16454 16455 16456 16457 16458 16459 16460 16461 16462 16463 16464 16465 16466 16467 16468 16469 16470 16471 16472 16473 16474 16475 16476 16477 16478 
0.030493 16479 16481 
0.612731 16482 16503 16504 16505 16506 16507 16508 16509 16510 16511 16512 16513 16514 16515 16516 16517 16518 16519 16520 
0.056903 16494 16702 
0.025475 16500 16501 16502 16555 
0.189591 16521 16551 16557 16558 16559 16560 16689 16690 16691 16692 16693 16694 16695 16696 16697 16698 16699 16700 16701 16702 
0.045267 16525 16526 16527 16528 
0.029934 16552 16553 16554 16555 
0.045761 16583 16584 16585 16586 16587 16588 
0.313368 16589 16590 16591 16592 16593 16594 16595 16596 16597 16598 16599 16600 16601 16602 16603 16604 16605 16606 16607 16608 16609 16610 
0.173893 16663 16664 16665 16666 16667 16668 16669 16670 16671 16672 16673 
0.08909 16674 16675 16676 16677 16678 
0.074757 16682 16683 16684 16685 16686 16687 16688 
0.738153 16704 16705 16788 16789 16792 16852 16853 16871 16872 16886 16887 16896 16897 16945 16947 17043 17044 17045 17046 17109 17110 17111 17112 17113 17275 17276 17277 17278 17279 17280 17281 17310 17311 17312 17313 17314 17315 17686 17687 17688 17689 17690 17751 17752 17767 17860 17861 17976 17977 18005 18052 18163 18164 18165 18249 18250 18400 18401 18402 18403 
0.049522 16706 16707 16708 16709 
0.22238 16712 16774 16775 16776 16777 16778 16779 16780 16781 16782 16783 16784 16785 16786 16787 
0.195064 16743 17138 17139 17140 17141 17142 17143 17144 17145 17146 17147 17148 17149 17150 17151 17152 
0.87002 16747 17006 17007 17008 17009 17010 17011 17012 17013 17014 17015 17016 17017 17018 17019 17065 17066 17172 17173 17174 17175 17176 17177 17178 17179 17180 17181 17182 17183 17184 17185 17186 17187 17378 17379 17407 17408 17409 17541 17542 17543 17553 17554 17555 17556 17792 17793 17794 17795 17796 18204 18205 18206 18207 18208 18209 18210 18211 18212 18213 18214 18215 18216 18217 18218 18219 18220 18221 18222 18223 18224 18279 18281 
0.184629 16790 16791 16793 16794 16795 16796 16797 16798 16799 16800 16801 16802 16859 16888 16944 
0.399111 16803 16807 16808 16809 16810 16811 16812 16813 16814 16815 16816 16817 16818 16819 16820 16821 16822 16823 16824 16825 16826 16827 16828 16829 16830 16831 16832 16833 16834 16835 16836 
0.097989 16854 16855 16856 16857 
0.086915 16873 16889 16891 16892 16907 16908 16975 
0.227374 16879 16882 16895 16954 17154 17155 17156 17157 17158 17159 17160 17235 17238 17344 17345 17456 17608 17609 17610 17611 17661 17662 17810 
0.010564 16884 16979 
0.343465 16898 16899 17005 17039 17040 17041 17240 17241 17242 17412 17413 17414 17415 17546 17547 17548 17549 17550 17648 17649 17650 17845 17846 17847 17848 17849 17850 18015 18016 18017 18018 
0.009945 16900 16915 
0.068829 16902 16903 16904 16964 16965 16966 16967 
0.277196 16914 17061 17062 17063 17248 17249 17250 17251 17252 17614 17615 17616 17617 17618 17619 17620 17704 17705 17706 17707 
0.110613 16939 16946 16948 16951 17000 17001 17002 17077 17078 17137 
0.255535 16941 16976 16977 16978 17068 17071 17084 17085 17086 17087 
0.122227 16968 17191 17192 17193 17194 17195 17196 17197 17198 17199 17200 17201 17202 17203 17204 17205 17206 
0.021346 16973 16974 16975 
0.209559 17020 17021 17022 17023 17024 17025 17026 17027 17028 17029 17030 17031 17032 17033 17034 17035 17036 
0.027451 17037 17042 17064 17067 17070 
0.044858 17072 17073 17074 17075 17076 
0.057249 17079 17080 17081 17082 17083 
0.010026 17136 17162 
0.003859 17161 17213 
0.862699 17188 17259 17346 17374 17375 17377 17379 17407 17408 17409 17541 17542 17543 17553 17554 17555 17556 17792 17793 17794 17795 17796 18204 18205 18206 18207 18208 18209 18210 18211 18212 18213 18214 18215 18216 18217 18218 18219 18220 18221 18222 18223 18224 18279 18281 
0.064644 17207 17208 17209 17210 17211 
0.156945 17212 17216 17217 17218 17219 17220 17221 17222 17223 17224 17225 17226 17227 
0.037318 17214 17215 17237 17239 
0.113329 17229 17230 17231 17232 17233 17234 
0.673398 17270 17303 17376 17377 17379 17407 17408 17409 17541 17542 17543 17553 17554 17555 17556 17792 17793 17794 17795 17796 18204 18205 18206 18207 18208 18209 18210 18211 18212 18213 18214 18215 18216 18217 18218 18219 18220 18221 18222 18223 18224 18279 18281 
0.025943 17273 17274 17406 
0.187816 17300 17304 17334 17335 17336 17337 17338 17339 17340 17341 17342 17343 
0.54021 17316 17409 17541 17542 17543 17553 17554 17555 17556 17792 17793 17794 17795 17796 18204 18205 18206 18207 18208 18209 18210 18211 18212 18213 18214 18215 18216 18217 18218 18219 18220 18221 18222 18223 18224 18279 18281 
0.486542 17381 17389 17390 17391 17392 17393 17394 17395 17396 17397 17398 17399 17400 17401 17402 17403 17404 17405 17406 
0.319802 17440 17441 17442 17443 
0.09164 17448 17463 17479 17480 17488 17557 17715 17716 17717 17718 
0.035346 17464 17465 17466 
0.030639 17468 18344 
0.172924 17474 17475 17476 17477 17478 
0.04297 17481 17483 18578 
0.407927 17489 17490 17498 17501 17502 17605 17621 17622 17771 17772 17773 17844 17890 18173 18174 18175 18176 
0.226421 17499 17623 17629 17763 17764 17775 17782 17862 17863 17864 17866 17867 17872 17873 17929 17937 17957 18190 18191 
0.035004 17503 17504 17505 
0.051214 17508 17509 17525 17526 17528 17529 
0.031953 17510 17511 
0.012866 17513 17527 
0.025278 17519 17522 17523 17524 
0.058102 17532 17533 17534 17535 17536 17537 17538 
0.010274 17606 17607 
0.012759 17626 17630 17632 
0.009862 17631 17632 
0.052312 17633 17634 17635 17636 17637 17638 
0.291066 17651 17669 17670 17671 17672 17673 17674 17675 17676 17677 17678 17679 17680 17681 
0.025268 17663 17664 17665 17666 
0.013368 17667 17682 17698 
0.070649 17683 17691 17811 17812 17813 17814 17855 17856 17897 
0.523382 17692 18026 18027 18028 18029 18044 18057 18072 18084 18088 18093 18120 18121 18131 18132 18133 18177 18269 18270 18271 18272 18273 18274 18282 18353 18354 18361 18379 18380 18381 18382 18383 18384 18437 18464 18465 18466 18584 18585 18586 18587 18606 18629 18665 18696 18703 18704 18707 18708 18740 
0.01447 17696 17697 17698 
0.030112 17701 17702 17703 
0.135315 17708 17709 17710 17711 17712 17713 17714 17720 
0.034254 17719 17747 17748 17755 
0.194519 17722 17736 17857 17858 17955 17989 18130 18348 18349 18364 18365 18390 
0.110389 17728 17731 17768 17769 17882 17883 17884 17885 17886 18036 18037 18070 
0.049544 17742 17743 17744 
0.193703 17745 17749 17770 17817 17868 17945 17995 17996 18192 18193 18194 18195 18196 18197 18415 18416 18417 18418 
0.192935 17759 17760 17764 17775 17782 17862 17863 17864 17866 17867 17872 17873 17929 17937 17957 18190 18191 
0.024849 17761 17766 17815 17816 
0.103268 17778 17790 18030 18031 18032 18033 18034 18035 18067 
0.04349 17783 17784 17785 
0.018744 17798 17896 
0.218825 17802 17898 17899 17900 18073 18074 18122 18123 18137 18138 18139 18202 18203 18253 18254 18307 18330 18355 18357 18366 18377 18378 18433 18434 
0.611956 17818 17824 17825 17826 17827 17828 17829 17830 17831 17832 17833 17834 17835 17836 17837 17838 17839 17840 17841 17842 17843 
0.167546 17870 17874 17890 18173 18174 18175 18176 
0.052229 17875 17877 17878 17879 17880 17881 
0.094164 17891 17892 17893 17894 17895 17896 
0.364279 17909 17910 17911 17912 17913 17914 17915 17916 17917 17918 17919 17920 17921 17922 17923 
0.020448 17924 17951 17952 
0.018471 17926 17938 18010 
0.009462 17930 17931 
0.022756 17933 17936 
0.052111 17946 17947 17948 17949 
0.500229 17953 18038 18039 18040 18042 18057 18072 18084 18088 18093 18120 18121 18131 18132 18133 18177 18269 18270 18271 18272 18273 18274 18282 18353 18354 18361 18379 18380 18381 18382 18383 18384 18437 18464 18465 18466 18584 18585 18586 18587 18606 18629 18665 18696 18703 18704 18707 18708 18740 
0.039021 17958 17978 18008 
0.235776 17960 17961 17962 17963 17964 17965 17966 17967 17968 17969 17970 17971 17972 17973 17974 17975 
0.246936 17983 17988 17998 17999 18000 18001 18002 18003 18004 18022 18023 18024 18025 18058 18059 18085 18117 18124 18142 18143 18144 18156 18184 18186 18322 18323 18324 18325 18326 
0.332832 18009 18076 18077 18078 18134 18135 18136 18369 18370 18371 18372 18373 18374 18422 18423 18676 18677 18678 18679 18686 18687 18694 18695 
0.050541 18011 18012 18013 18014 
0.062249 18045 18060 18061 18062 18089 18090 18091 18125 18126 
0.033616 18048 18049 18050 
0.121434 18063 18068 18075 18082 18118 18119 18127 18128 18129 18238 18239 18240 18241 18242 18243 18244 18291 18305 
0.054038 18069 18178 18179 
0.026522 18079 18080 18081 
0.046321 18094 18095 18096 18097 
0.215091 18100 18101 18102 18103 18104 18105 18106 18107 18108 18109 18110 18111 18112 18113 18114 
0.048924 18145 18146 18147 
0.037913 18159 18172 18185 18228 18229 18302 18303 
0.038297 18170 18172 18185 18228 18229 18302 18303 
0.046485 18180 18245 18298 18306 18326 
0.434003 18225 18227 18230 18236 18509 18510 18511 18512 18513 18515 18516 18592 18593 18594 18595 18596 18597 18598 18599 18600 18601 18602 18603 
0.313076 18231 18327 18328 18329 18350 18362 18363 18375 18376 18421 18437 18464 18465 18466 18584 18585 18586 18587 18606 18629 18665 18696 18703 18704 18707 18708 18740 
0.438409 18246 18637 18638 18639 18640 18641 18642 18643 18644 18645 18646 18647 18648 18649 18650 18651 18652 18653 18654 18655 18656 18657 18658 18659 18660 18661 18662 18663 18664 
0.132684 18255 18256 18257 18258 18259 18260 18261 
0.05934 18278 18279 18281 
0.024335 18287 18290 
0.166135 18293 18304 18428 18429 18430 18484 18493 18525 18531 18610 18636 18731 18732 
0.209743 18299 18331 18351 18352 18356 18385 18386 18387 18388 18389 18394 18436 18579 18580 18581 18582 18583 18603 
0.18059 18309 18310 18311 18312 18313 18314 18315 18316 18317 18318 18319 18320 18321 
0.265837 18332 18333 18334 18335 18336 18337 18338 18339 18340 18341 18342 18343 18344 
0.203058 18358 18426 18427 18431 18432 18435 18448 18458 18500 18501 18607 18608 18609 18694 18695 
0.5491 18367 18836 18837 18838 18839 18840 18841 18842 18843 18844 18845 18846 18847 18848 18849 18850 18851 18852 
0.032514 18391 18392 18404 18405 
0.34902 18395 18398 18399 18413 18414 18419 18425 18426 18427 18431 18432 18435 18448 18458 18500 18501 18607 18608 18609 18694 18695 
0.603577 18406 18449 18450 18451 18452 18453 18454 18455 18456 18457 18459 18460 18491 18492 18497 18768 18769 18770 18771 18772 18773 18774 18775 18813 18814 18815 18818 18857 18860 18916 18972 18973 19034 19035 19038 19039 19149 19150 19151 19152 19153 19154 19155 19156 19222 19365 19366 19367 
0.122301 18438 18439 18440 18441 18442 18443 18444 
0.076918 18474 18475 18476 18477 18478 18479 18480 18481 18482 18483 
0.013359 18485 18486 18489 18490 18498 
0.017288 18502 18505 18506 18507 
0.018685 18518 18519 
0.010102 18523 18524 
0.565918 18532 18975 18976 18977 18978 18979 18980 18981 18982 18983 18984 18985 18986 18987 18988 18989 18990 18991 18992 18993 18994 18995 18996 18997 18998 18999 19000 19001 19002 19003 
0.053394 18588 18589 18590 18591 
0.011148 18604 18605 
0.036699 18614 18615 18616 18617 
0.048396 18623 18628 18731 18732 
0.012661 18626 18627 
0.315603 18630 18868 18869 18870 18871 18872 18873 18874 18875 18876 18877 18878 18879 18880 18881 18882 18883 18884 18885 18886 18887 18888 18889 
0.017262 18667 18713 18727 
0.01899 18671 18675 
0.06358 18681 18682 18683 
0.012271 18688 18689 
0.022194 18705 18709 18719 18720 18721 18725 
0.019977 18710 18733 18734 18742 
0.060649 18716 18730 18790 18791 18792 
0.08186 18726 18735 18736 18737 18738 18739 18740 
0.407927 18741 18746 18751 18752 18778 18779 18780 18781 18782 19305 19306 19307 19308 19309 19310 19311 19312 19313 19314 19315 19316 19381 19382 
0.018233 18743 18744 18745 
0.045179 18753 19198 
0.104557 18756 18766 18801 18811 18826 18834 18856 18935 18936 18937 18950 
0.191532 18759 18760 18761 18762 18763 18764 18765 
0.056256 18783 18784 18802 18803 18809 
0.103447 18788 18940 18941 18942 18943 18944 18945 
0.149178 18793 18794 18795 18796 18797 18798 18799 18800 
0.008371 18819 18855 
0.354802 18821 18863 18864 19233 19234 19235 19236 19237 19238 19239 19240 19241 19242 19243 19244 19245 19246 19247 19248 19249 19250 19251 19252 19253 19254 19255 19256 19257 19258 19259 19260 19261 19262 19263 19264 19265 19266 19267 19268 19269 19270 
0.057149 18830 18831 18861 18862 
0.019279 18832 18833 
0.061669 18853 18952 18953 18954 18955 18956 18957 18958 18969 
0.010219 18865 18866 
0.016535 18891 18892 
0.196872 18893 19284 19285 19286 19287 19288 19289 19290 19291 19292 
0.876039 18909 18920 18933 19199 19200 19620 19621 19622 19623 19624 19625 19626 19627 19628 19629 19630 19631 19632 19633 19634 19635 19909 19910 19911 19912 19913 19914 20104 20105 20106 20107 20108 20109 20110 20111 20112 20113 20114 20115 
0.131415 18917 18938 18939 19005 19006 19007 19019 19064 19065 19066 19067 19077 19125 19147 19148 19295 
0.014735 18921 18930 18934 18967 
0.016197 18946 18951 18971 
0.023099 18949 19033 
0.041048 18966 19020 19032 19082 
0.013743 18970 18974 19232 
0.71818 19040 19084 19087 19091 19092 19093 19094 19095 19096 19097 19098 19099 19100 19101 19102 19103 19104 19105 19106 19107 19108 19109 19110 19111 19112 19113 19114 19115 19116 19117 19118 19119 19120 19121 19122 
0.387913 19068 19505 19506 19507 19508 19509 19510 19511 19512 19513 19514 19515 19516 19517 19518 19519 19520 19521 19522 19523 19524 
0.064739 19078 19079 19080 19081 19082 
0.013273 19123 19124 
0.06725 19138 19139 19141 19142 19143 
0.037706 19144 19145 19146 
0.387767 19157 19158 19159 19160 19161 19162 19163 19164 19165 19166 19167 19168 19169 19170 19171 19172 19173 19174 19175 19176 19177 19178 19179 19180 19181 19182 19183 19184 19185 19186 19187 19188 19189 19190 19191 19192 19193 19194 19195 19196 19197 19198 
0.141232 19223 19224 19225 19226 19227 19228 19229 19230 19231 19232 
0.153019 19278 19279 19280 19281 19282 19283 
0.063345 19293 19294 19295 
0.964382 19318 19459 19460 19461 19462 19463 19464 19465 19466 19467 19468 19469 19470 19471 19472 19473 19474 19475 19476 19477 19478 19479 19480 19481 19482 19483 19484 19485 19486 19487 19488 19489 19490 19491 19492 19493 19494 19495 19496 19497 19498 19499 19500 19501 19502 19503 19504 19516 19517 19518 19519 19520 19521 19522 19523 19524 
0.441403 19330 19383 19384 19385 19386 19387 19388 19721 19722 19723 19724 19725 19726 19727 19728 19729 19730 19731 19732 19733 19734 19735 19736 19737 19738 19739 19740 19824 
0.116452 19368 19369 19370 19371 19372 
0.733805 19376 19971 19972 19973 19974 19975 19976 19977 19978 19979 19980 19981 19982 19983 19984 19985 19986 19987 19988 19989 19990 19991 19992 20029 20030 20031 20032 20033 20034 20164 20235 
0.212797 19379 19415 19416 19417 19418 19419 19420 19421 19422 
0.233258 19423 19424 19425 19426 19427 19428 19429 19430 19431 19432 19433 
0.246488 19434 19435 19436 19437 19438 19439 19440 19441 19442 19443 19444 19445 19446 19447 19448 19449 19450 19451 19452 19453 
0.075603 19525 19531 19532 19533 19534 19535 19536 
0.023939 19529 19530 19548 
0.138576 19537 19538 19539 19540 19541 19542 19543 19544 19545 19546 
0.019886 19547 19549 19611 
0.344665 19557 19558 19559 19560 19561 19562 19563 19564 19565 19566 19567 19568 19569 19570 19571 19572 19573 19574 19575 19576 19577 19578 19579 19580 19581 19582 19583 19584 19585 19586 19587 19588 19589 
0.150586 19590 19601 19602 19603 19604 19605 19606 19607 19608 19609 19610 19611 
0.167653 19612 19741 19742 19743 19744 19745 19746 19747 19748 19749 19750 19751 19752 19753 19754 19755 
0.257378 19636 19800 19801 19802 19803 19804 19805 19806 19807 19808 19809 19810 19811 19812 19813 19814 19815 19816 19817 19818 19819 19820 
0.528202 19666 20165 20166 20167 20168 20169 20170 20171 20172 20173 20174 20175 20176 20177 20178 20179 20180 20181 20182 20183 20184 20185 20186 20187 20188 20189 
0.035932 19707 19708 19709 
0.128022 19711 19720 19821 19822 19844 19845 19846 19847 19883 19884 19885 19886 19887 19995 
0.09214 19757 19761 19762 19832 19833 19834 19835 19836 19837 19838 19839 
0.422362 19763 19764 19765 19766 19767 19768 19769 19770 19771 19772 19773 19774 19775 19776 19777 19778 19779 19780 19781 19782 19783 19784 19785 19786 19787 19788 19789 19790 19791 19792 19793 19794 19795 19796 19797 19798 19799 
0.020789 19825 19827 19831 19840 19841 
0.012279 19842 19843 
0.37267 19848 19920 19921 19922 19923 19924 19925 19926 19927 19928 
0.179609 19853 19854 19855 19856 19857 19858 19859 19860 
0.100087 19890 19891 19892 19893 19894 19895 19896 
0.134965 19897 19898 19899 19900 19901 19902 19903 19904 19905 19906 19907 19908 
0.308451 19929 19942 19943 19944 19945 20131 20132 20133 20134 20135 20136 20137 20138 20139 20140 20141 20192 20193 20194 20195 20196 20197 20239 
0.573364 19934 19997 19998 19999 20000 20001 20002 20003 20004 20005 20006 20007 20008 20009 20010 20011 20012 20013 20127 20128 20129 20130 20414 20415 20416 20417 20418 20419 20420 20421 20422 20423 20424 20425 20426 20427 20428 20429 20430 20431 20432 20433 20434 20435 20436 20437 20438 20439 20440 20441 20442 20443 20444 20445 20446 20447 20448 20449 20450 20451 20452 20453 20454 20455 20570 
0.014447 19939 19940 
0.248974 19946 19947 19948 19949 19950 19951 19952 19953 19954 19955 19956 19957 19958 19959 19960 19961 19962 19963 19964 19965 19966 19967 19968 
0.015375 19969 19993 20028 
0.037124 19994 19995 
0.099267 20024 20026 20065 20066 20093 20094 20142 20143 20144 20145 20146 20147 20148 
0.023599 20027 20028 
0.211381 20067 20068 20069 20070 20071 20072 20073 20074 20075 20076 20077 20078 20079 20080 20081 20082 20083 20084 20085 20086 20087 20088 20089 20090 
0.217661 20098 20461 20462 20463 20464 20465 20466 
0.010931 20116 20117 
0.558161 20121 20124 20201 20202 20203 20204 20205 20206 20207 20208 20209 20210 20211 20224 20225 20226 20227 20230 20231 20240 20241 20242 20243 20244 20245 20246 20247 20248 20249 20250 20251 20252 20319 20320 20321 20347 20355 20361 20393 20521 20522 20523 20525 20545 20560 20571 20639 20640 20641 20642 20643 20769 20770 20771 20772 20773 20805 20806 
0.117836 20125 20253 20254 20255 20256 
0.15607 20212 20217 20228 20288 20289 20290 20291 20292 20293 20294 20331 
0.171621 20215 20216 20217 20228 20288 20289 20290 20291 20292 20293 20294 20331 
0.272478 20222 20223 20229 20232 20267 20268 20269 20270 20271 20272 20273 20274 20275 20276 20285 20286 20287 20333 20334 20335 20344 20383 20384 20385 20386 20387 20516 20517 20518 20519 20520 20578 20579 20580 20581 20646 
0.181533 20233 20346 
0.1517 20237 20266 20277 20322 20323 20324 20325 20345 20348 20349 20350 20351 
0.500145 20295 20362 20363 20676 20677 20678 20679 20680 20681 20682 20683 20684 20685 20686 20687 20688 20689 20690 20691 20692 20693 20694 20695 20696 20697 20698 20699 20700 20701 20702 20703 20704 20705 20706 20707 20708 20709 20710 20711 20797 
0.058077 20316 20325 20345 20348 20349 20350 20351 
1.22047 20330 20332 20391 20457 20458 20459 20460 20526 20530 20624 20625 20626 20627 20628 20629 20630 20712 20713 20714 20715 20716 20717 20718 20719 20720 20721 20722 20723 20724 20725 20726 20727 20728 20729 20730 20731 20732 20733 20734 20735 20736 20737 20738 20739 20740 20741 20742 20743 20744 20745 20746 20747 20748 20749 20750 20751 20752 20753 20754 20755 20756 20757 20758 20759 20760 20761 20762 20763 20764 20765 20766 20767 20768 
0.030555 20339 20341 20342 
0.025827 20352 20353 20354 
0.043922 20358 20382 20467 20468 20469 20470 20471 20514 
0.035658 20395 20490 
0.286289 20472 20531 20788 20854 20855 20870 20871 20872 20873 20874 
0.239995 20480 20481 20482 20483 20484 20485 20486 20487 
1.05141 20491 20530 20624 20625 20626 20627 20628 20629 20630 20712 20713 20714 20715 20716 20717 20718 20719 20720 20721 20722 20723 20724 20725 20726 20727 20728 20729 20730 20731 20732 20733 20734 20735 20736 20737 20738 20739 20740 20741 20742 20743 20744 20745 20746 20747 20748 20749 20750 20751 20752 20753 20754 20755 20756 20757 20758 20759 20760 20761 20762 20763 20764 20765 20766 20767 20768 
0.012495 20493 20494 20495 
0.353835 20499 20500 20501 20502 20503 20504 20505 20506 20513 20524 20537 20546 20547 20548 20549 20550 20551 20552 20553 20554 20555 20556 20557 20558 20559 
0.013436 20507 20508 20509 
0.257736 20535 20847 20863 20864 20865 20866 20867 20868 20869 20875 20911 20912 20930 
0.028473 20561 20673 20674 20675 
0.117934 20566 20964 20965 20966 20967 
0.030906 20574 20575 20576 20577 
0.288092 20582 20583 20584 20585 20586 20587 20588 20589 20590 20591 20592 20593 20594 20595 20596 20597 20598 20599 20600 
0.010441 20644 20646 
0.414076 20648 20649 20650 20651 20652 20653 20654 20655 20656 20657 20658 20659 20660 20661 20662 20663 20664 20665 20666 20667 20668 20669 20670 
0.120723 20774 20776 20777 20778 20779 20780 20781 20782 
0.027757 20783 20785 20804 20820 
0.364651 20786 20876 20877 20878 20879 20880 20881 20882 20883 20884 20885 20886 20887 20888 20889 20890 20891 20892 
0.220414 20791 20968 20969 20970 20971 20972 20973 20974 21040 21041 21042 21043 21044 21045 21046 
0.414351 20807 20843 20844 20845 20846 20847 20863 20864 20865 20866 20867 20868 20869 20875 20911 20912 20930 
0.085145 20814 20815 20816 
0.034976 20817 20818 20819 
0.095409 20838 20841 20842 20848 20849 20850 20851 20852 20853 20978 
0.795571 20893 20945 20946 20947 20948 20949 20950 20951 20952 20953 20954 20955 20956 20957 20958 20959 20960 20961 20962 20963 20979 20980 20981 20982 20983 20984 20985 20986 20987 20988 20989 20990 20991 20992 20993 20994 20995 20996 20997 20998 20999 21000 21001 21002 21003 21004 21005 21006 21007 21008 21009 21010 21011 21012 21013 21014 21015 21016 21017 21018 21019 21020 21021 21022 21023 21024 21025 21026 
0.095843 20913 20919 20920 20921 20922 20923 20924 20925 20926 20927 20928 20929 
0.07068 20975 20976 20977 20978 
0.072558 21029 21030 21031 21032 21033 21034 
