Nodes dataset name: OLRNNodes6105.txt
Edges dataset name: OLRNEdges7035.txt
106 paths are found by Dijkstra's algorithm in total time: 5.805sec.  
Longest_Shortest_path    PATH
4725.95 0 1 3 4 6 9 21 27 33 66 74 80 89 110 2501 2502 2504 2509 2513 2526 2533 2534 2536 2540 2548 2550 2553 2554 2574 2578 2587 2598 2607 5954 5956 5957 5961 5964 5968 5972 5977 5980 
7313.89 118 121 123 125 126 129 184 236 237 238 239 270 309 592 593 631 710 711 712 714 731 803 831 832 834 835 869 911 944 5688 5689 5690 5691 5692 5693 5695 5696 5698 
4970.49 354 355 356 357 379 448 4175 4181 4182 4183 4185 4186 4187 4188 4190 4192 4194 4197 4207 4221 4224 
3721.38 472 473 474 476 478 479 482 484 489 492 515 518 539 575 5732 5737 5740 5742 
4746.63 829 830 833 839 853 854 941 4717 4718 4719 4720 4721 4722 4723 4724 4725 4726 4727 4728 4729 4730 4731 4732 4733 4734 4735 4736 4737 4738 4739 4740 4741 4742 4743 4744 4745 4746 4747 4749 4751 4754 4758 4762 4773 4791 4804 4807 4812 4823 4827 5559 5560 5561 5562 5565 
1930.71 1185 1186 1190 1193 1201 1215 1219 1240 1254 1261 1266 1272 1601 1631 1706 1707 1710 1718 1725 1728 1736 1744 1746 1759 1763 2436 2439 2443 2448 2450 2463 2471 2479 2484 
1333.32 1303 1309 1315 1322 1326 1332 1342 1360 1364 1382 1384 1388 1402 1408 1410 1420 1487 1493 1509 1514 1516 1534 5860 
1973.11 1421 1426 1428 1429 1431 1443 1446 1450 1459 1465 1507 1517 1523 1527 2653 2654 2655 2656 2657 2658 2659 
353.788 1539 1544 1546 1549 1550 1552 1553 1555 1556 
1487.95 1675 1678 1681 1694 1696 1697 1702 1706 1707 1710 1718 1725 1728 1736 1744 1746 1759 1763 2436 2439 2443 2448 2450 2463 2471 2479 2496 2500 
1477.19 1793 1801 1804 1807 1811 1819 1820 1827 1846 1857 1901 1909 1942 1950 1954 1958 1981 2009 4665 4666 4669 4671 
1877.35 1911 1912 1920 1929 1936 1948 1956 1967 1974 2008 4589 4592 4596 4607 4610 4617 4621 4623 4625 4627 4630 4846 
1402.19 2029 2030 2036 2046 2054 2061 2090 2120 2126 2140 2146 3735 3743 3751 3758 3764 3767 3777 3779 3789 3805 5840 5841 5842 
1626.28 2147 2149 2157 2166 2196 2204 2229 4317 4332 
3229.32 2265 2272 2280 2290 2294 2306 2311 2314 2332 2340 2342 2344 2349 2353 2359 2361 2378 3485 3494 3503 3507 3508 3509 3515 3521 3528 3530 3536 3551 3563 3925 3926 3927 3928 3929 3931 3932 3933 3934 3935 3936 3938 3939 3943 3944 3947 3950 3952 3956 3957 3958 3959 3960 3961 3962 
1159.54 2383 2384 2389 2390 2393 2404 2415 2419 2425 2426 2428 2431 2433 2438 2449 2464 2467 2472 2482 2486 2491 4863 4864 4865 4866 4867 
255.964 2623 2624 2626 2627 2628 2631 2632 2634 2635 
358.864 2650 2651 2652 
950.029 2666 2667 2668 2670 2672 2673 2674 2675 2676 2677 2678 2679 2680 2681 2682 
115.377 2695 2698 2699 
467.509 2700 2701 2702 2703 2704 2705 
3293.55 2706 2708 2709 2710 2711 2712 2715 2718 2721 2730 2765 2796 2838 2839 2841 2842 2844 2846 2851 2858 2881 2884 2896 
988.217 2824 2827 2833 2834 2835 2836 2837 
1087.42 2897 2898 2899 2900 2902 2904 2906 2908 2909 2910 2911 2912 
496.444 2913 2917 2919 2922 
1123.84 2925 2926 2929 2934 2937 2943 2965 2981 2986 3010 3017 3034 3041 3132 
309.766 3043 3044 3046 3047 3049 3052 3053 3054 3055 
274.686 3057 3058 3059 3061 3063 3064 
3382.01 3067 3068 3070 3071 3073 3077 3081 3089 3096 3114 3120 3126 3130 3134 3138 3150 3156 3163 3168 3181 3341 3342 3343 3344 3348 3349 3361 3362 3364 3379 3390 3396 3397 3411 3417 3424 3434 3441 4643 4644 4645 4646 4650 4652 4653 
3193.2 3189 3190 3192 3193 3198 3201 3202 3203 3204 3208 3211 3212 3213 3214 3217 3219 3223 3227 3230 3232 3233 3256 3272 3274 3279 3288 3289 3295 3296 3306 4155 4158 
128.581 3314 3317 3318 3319 
101.656 3320 3321 3323 
185.31 3326 3327 3328 
2807.88 3331 3333 3334 3336 3337 3339 3340 3341 3342 3343 3344 3348 3349 3361 3362 3364 3379 3390 3396 3397 3411 3417 3424 3434 3441 4643 4644 4645 4646 4650 4652 4653 
2225.93 3570 3573 3579 3594 3596 3599 3601 3604 3607 3612 3613 3623 3630 3639 3640 3650 3655 3656 3660 3665 3675 3677 3943 3944 3947 3950 3952 3956 3957 3958 3959 3960 3961 
1711.23 3806 3807 3811 3812 3823 3833 3845 3865 3879 3891 3903 3914 3944 3947 3950 3952 3956 3957 3958 3959 3960 3961 3962 
35.3482 3963 3964 3965 
337.805 3967 3968 
160.046 3969 3970 
219.567 3981 3982 3983 3984 
338.925 3985 3988 3989 3991 
1626.5 3992 3993 3996 4003 4011 4017 4018 4021 4027 4028 4036 4046 4051 4066 4086 4088 4097 4100 4106 4136 4137 4138 4139 4140 
18.6655 4110 4111 
125.905 4115 4116 
304.733 4122 4126 4127 4129 4130 4132 
210.726 4133 4134 4135 4136 4137 4138 4139 4140 
40.004 4145 4146 4149 
2963.09 4151 4152 4156 4161 4163 4165 4167 4170 4171 4175 4181 4182 4183 4185 4186 4187 4188 4190 4192 4194 4197 4207 4221 4224 
1662.8 4225 4226 4232 4234 4237 4239 4245 4256 4270 4271 4272 4275 4279 4281 4292 4302 4305 4308 4312 4332 
12.1674 4348 4349 4351 
23.8778 4354 4355 4357 
1722.46 4358 4363 4368 4369 4371 4376 4377 4384 4393 4406 4409 4443 4448 4455 4462 4463 4523 4524 4527 4532 4539 4544 4546 4557 
101.316 4476 4477 4478 4481 
519.883 4482 4488 4490 4493 4495 4498 4503 4506 4509 4510 4512 
1941.64 4513 4514 4520 4522 4525 4528 4530 4534 4550 4552 4562 4571 4572 4575 4577 4581 4582 4583 4584 4589 4592 4596 4607 4610 4617 4621 4623 4625 4627 4630 4846 
42.708 4632 4634 4635 
553.402 4639 4640 4641 4642 4643 4644 4645 4646 4650 4652 4653 
421.318 4672 4673 4674 4675 4676 4677 4678 4679 4680 4681 
333.054 4683 4687 4688 4690 4691 4692 
168.592 4694 4696 4697 4698 4699 
72.4156 4854 4858 
2773.91 4868 4869 4872 4874 4877 4879 4885 4887 4889 4890 4891 4894 4896 4897 4899 4900 4901 4902 4908 4912 4913 4914 4915 4916 4918 4920 4921 4922 4923 4924 4925 4930 4932 4934 4935 4937 4940 4941 
33.7215 4957 4958 4959 
367.775 4961 4962 4964 4965 4968 4970 4972 
1165.6 4980 4983 4990 5001 5019 5029 5036 5039 5064 5075 5085 5570 5571 5573 5574 5576 5577 5580 5587 5591 5596 5601 5608 5612 5613 5615 5617 
1564.2 5098 5120 5125 5131 5144 5174 5211 5218 5221 5223 5229 5243 5249 5252 5258 5286 5292 5304 5307 5314 5328 5949 5950 5951 5952 
1531.62 5216 5217 5219 5231 5262 5282 5310 5322 5329 5381 5415 5417 5418 5442 5566 
4639.55 5334 5337 5339 5342 5348 5369 5373 5388 5405 5426 5438 5653 5654 5655 5656 
882.657 5466 5467 5471 5473 5478 5482 5485 5492 5494 5497 5499 5501 5503 5505 5508 5510 5514 5519 5523 5526 5535 5536 
203.282 5537 5538 5539 5544 
324.508 5546 5547 5548 5549 5551 5552 5554 5555 
658.071 5558 5559 5560 5561 5562 5565 
353.542 5567 5568 5569 
72.7072 5618 5619 5621 5623 
330.192 5643 5644 5645 5646 5647 5649 5650 5651 5652 
256.719 5657 5658 5660 5661 5662 5664 
56.9573 5666 5667 
44.0063 5669 5670 
56.5955 5671 5672 
397.729 5687 5688 5689 5690 5691 5692 5693 5695 5696 5698 
20.2474 5705 5706 5707 
51.6804 5708 5709 5710 
49.1966 5715 5717 
2443.7 5721 5723 5725 5731 5733 5734 5735 5736 5738 5743 5744 5747 5749 5751 5752 5753 5754 5755 5756 5757 
669.888 5759 5760 5761 5762 5763 5764 
39.3609 5765 5767 
165.285 5785 5789 5791 5792 5793 5795 
675.046 5796 5797 5798 5799 5800 5801 5802 5803 5804 5805 5806 5807 5808 5809 5810 5811 5812 5813 5814 5815 5816 5817 
145.896 5821 5822 5823 5824 5825 
477.759 5826 5827 5828 5829 5832 5833 5834 
216.402 5843 5846 5849 5853 5855 5856 
436.853 5857 5858 5859 5861 5862 5863 
10.5781 5864 5865 
162.569 5866 5867 5868 5872 
73.3094 5873 5876 5878 
94.8047 5882 5883 
59.2252 5898 5899 
8.336 5914 5915 
182.6 5916 5917 5919 5921 
471.765 5922 5923 5924 5926 5930 5934 5943 5944 
197.745 5945 5946 5947 5948 
670.723 5953 5954 5956 5957 5961 5964 5976 5985 
26.4007 5986 5987 
311.782 6078 6079 6080 6081 6082 
488.986 6083 6087 6088 6093 6094 6096 
155.866 6097 6098 6099 6100 6101 6102 
